1.01619480492727 -6.77936730079294 -1.00499783719506
2.00143553973876 -6.46180725459221 -1.70095812641471
2.98650228471048 -5.75508151072715 -2.02769820876929
3.88461884181434 -4.86538695450693 -1.89439972544439
4.69782961186843 -4.02010433867409 -1.37084054128593
5.44884457904224 -3.32814085043086 -0.618236330058915
6.07659133179115 -2.7203941613753 0.266031368833945
6.48023796041052 -2.05146279108938 1.21623392193196
6.56495687903293 -1.24657685097743 2.13808300541054
6.276849911841 -0.340242117424387 2.91317304250789
5.62695299502031 0.561875747078753 3.43487192642778
4.69224834913231 1.33504163031654 3.63895281731621
3.59529505672613 1.88555863288523 3.51964319522854
2.46004891813986 2.1953008331971 3.13128153133731
1.34405784400477 2.34290725463293 2.58158225832495
0.200136875118696 2.46914074477346 2.03459136821268
-1.01497811915179 2.69582953267168 1.6794240644096
-2.22826502836784 3.0725088334136 1.58097841937759
-3.38317227470698 3.55657086253324 1.59690800361388
-4.50785510157911 4.05859655320886 1.48484676678567
-5.5867967395289 4.47734534127559 1.06705480586664
-6.51673172822521 4.71581420469232 0.300376639865345
-7.1691717758994 4.7039190688739 -0.739902107992395
-7.44689398010181 4.41399033358352 -1.90045330089261
-7.31292266515374 3.86469973986322 -2.99137303943653
-6.80126117800113 3.11690063680616 -3.82369391468892
-6.01601540866217 2.26343387915924 -4.24329070670577
-5.12027730959198 1.41220460621123 -4.16239622681746
-4.31058448422681 0.659019035210064 -3.58703056931598
-3.76885093821298 0.0475282135016816 -2.62880820205456
-3.59237072965445 -0.463605291448451 -1.47790293369722
-3.73744781960871 -0.954638716630795 -0.317312096640986
-4.02956936799136 -1.4574731258922 0.790738958657382
-4.22519766196937 -1.97216019845652 1.89843023858113
-4.11815065375164 -2.47083482909991 3.01889110551126
-3.61316171191745 -2.89257720618133 4.05776045343752
-2.73421941469227 -3.16871736723279 4.8718373295189
-1.59890410349008 -3.24955485494527 5.33650793274991
-0.37736837125958 -3.11995030930333 5.38600231195918
0.756038920905154 -2.8036483261058 5.02904735023378
1.67418270183675 -2.35536356791906 4.34208529466533
2.34430555407974 -1.83662321377784 3.44094090886785
2.85262525887309 -1.27397487098417 2.44445892963601
3.36746506097803 -0.639680247764417 1.46899500325306
4.01635463509693 0.0707366550760672 0.624233771688978
4.75157081149949 0.823559822478109 -0.0915948061860164
5.34813349661093 1.66289404313704 -0.813412485584539
5.57552874908311 2.60708427014329 -1.5970517076719
5.31778454200662 3.57202996422849 -2.33876991777604
4.59624450716933 4.43496721010658 -2.8673447618677
3.55051149770473 5.09025274230135 -3.02820602084388
2.4003924839617 5.48442890679399 -2.73594427691016
1.38185654703338 5.64867018837992 -2.00730830277009
0.641360774630491 5.71220507359505 -0.965004020511821
0.164237313800616 5.80206778235757 0.217721110310937
-0.152517044776459 5.85079209699071 1.43420563108155
-0.428138326615423 5.65695602821998 2.63058443209088
-0.720390688500655 5.09086446708744 3.69176137007735
-1.01141726525664 4.16411607904718 4.45695203958711
-1.24663305238034 3.00005148610616 4.8006855991115
-1.37237947051006 1.77492524108025 4.68664557709825
-1.36463687233365 0.639161254470315 4.18845997498986
-1.24809844497653 -0.385529295358162 3.47677865361757
-1.09987106659188 -1.43766488180734 2.7692216708432
-1.01049790201391 -2.60655429041154 2.23111542096857
-0.977173445290086 -3.81923501386234 1.84217118216479
-0.850438789623247 -4.98159337900565 1.39117160791135
-0.486672273982759 -5.96670319938193 0.724232655954718
0.152271783629098 -6.60713403119026 -0.127285515418436

7.22201776122956 -6.29170862887183 -2.32805328862343
6.86187075311349 -6.75268814175879 -1.28678171435024
6.21979244152105 -6.89424314624881 -0.284376630724132
5.35717475107096 -6.68462559772556 0.530982714808562
4.37703134222579 -6.15105351245204 1.01320252516315
3.40147237029991 -5.39742841384579 1.05767388822307
2.51169750118126 -4.59669036413424 0.652198960276738
1.67726220679348 -3.94731137338979 -0.0864036670173165
0.791608183038599 -3.60214291239769 -0.936403810695057
-0.189991483710896 -3.56224283396448 -1.69393238103377
-1.25450390520764 -3.69899241756154 -2.26282388786057
-2.39215350160228 -3.84005107578071 -2.62235716611453
-3.57902449462626 -3.82796988422174 -2.77580311279641
-4.74291456175538 -3.55275213378537 -2.72932691577523
-5.76387971956976 -2.96649730705871 -2.50011299199742
-6.50061051261838 -2.0889085613244 -2.13080158213665
-6.82732477586172 -1.00560391348362 -1.69957318149278
-6.67944853146872 0.147646060699824 -1.32242120914924
-6.10469797433609 1.2342951985394 -1.1380760721565
-5.29371525637232 2.21387618488162 -1.24956687656546
-4.5198848621226 3.18614240349486 -1.59454613638351
-3.92994374452089 4.22882802043718 -1.95907217736395
-3.46600683791821 5.32369898041228 -2.20709831911471
-2.99230771393991 6.41906071525245 -2.29820354048956
-2.39435306600642 7.44634156461483 -2.22502262773145
-1.61613830979419 8.31599986801216 -1.99217402313122
-0.664972304952061 8.92803694418227 -1.61882080120164
0.396839907887412 9.19290522809623 -1.14359699554743
1.465522087978 9.05222437863287 -0.625514162028748
2.4123762483453 8.49608928072985 -0.141252428744839
3.10523944825824 7.57702973309568 0.220817178171091
3.44024847686789 6.41667111661542 0.371593891360684
3.38787535991612 5.18879721990046 0.239156486272246
3.04225332282959 4.05386678258065 -0.209740745548092
2.63835966335027 3.07317902793778 -0.948166949928051
2.45757828369869 2.20789418323874 -1.86339135506912
2.62124007710264 1.4023199525119 -2.7878888686777
3.07965153098962 0.623673269906548 -3.59525316350967
3.7294364173017 -0.158446470318078 -4.22534067393027
4.47714832854278 -0.974693046045199 -4.65586262187932
5.24901042295811 -1.84617316910316 -4.87187634565499
5.98058372206261 -2.77609913337286 -4.85389658174245
6.607095928892 -3.74381417988148 -4.58247942926696
7.06175019085405 -4.70201338645543 -4.05129649543229
7.28225283877003 -5.5797148898231 -3.28098157021514
