-2.08722887768328 -1.83277439191973 -2.51810034275468
-1.89740131656853 -2.77165998397431 -3.26348620447522
-1.60174765042515 -3.81671023043318 -3.78937709384065
-1.19895079070879 -4.92992623645605 -4.01395381765463
-0.721137459025759 -6.02776108314917 -3.87471969373499
-0.223949292685098 -6.99509583335522 -3.35189552016083
0.222947261428671 -7.70726246018486 -2.48325063070229
0.546085093604223 -8.05494887360303 -1.36799240710212
0.678577999670975 -7.96891670689007 -0.161400266024624
0.570769029999825 -7.44534799817254 0.940242589809642
0.20081416146546 -6.57084735255326 1.73315051320093
-0.421162952750888 -5.52994712844208 2.07592097666029
-1.26571206615852 -4.54760454677449 2.00056794059849
-2.26741932352151 -3.75907560388267 1.7324520440839
-3.31374124931855 -3.15148456100571 1.38958416904093
-4.29492933175286 -2.57972747497615 0.926700183767477
-5.09099695123867 -1.90064084052997 0.308482399099793
-5.57801369914159 -1.07021740508699 -0.429214456239298
-5.66500584307797 -0.131572453444444 -1.19258628743632
-5.32223832821388 0.823201099499403 -1.86010050354021
-4.59115133454624 1.68605547077022 -2.30938487524368
-3.58176847623576 2.36099360046286 -2.43973010377879
-2.45803474403679 2.79188389572468 -2.19283476745719
-1.40228612189028 2.99248686060573 -1.57109217250598
-0.548423028589827 3.07079471820132 -0.645342585710513
0.0904167107839204 3.21662262640881 0.451003767476316
0.613966907594068 3.61443144053787 1.53563802576156
1.13231241148206 4.33702318630653 2.41031579849027
1.69124914777398 5.31623014409053 2.90674946354397
2.27593931155422 6.39038263494906 2.93186183102201
2.84113205065814 7.37275379728621 2.48475487212984
3.33472835082017 8.09882708452739 1.64379574535802
3.7117380675326 8.45030305724473 0.543928576026537
3.94270315568867 8.36626179864274 -0.645737602355012
4.01950107963175 7.8480533855736 -1.74326860234258
3.95984610629392 6.95993181132688 -2.57612234595951
3.81069658683503 5.82394807933378 -3.0069866516874
3.64922984419733 4.60228903354007 -2.96585931609216
3.5766594025712 3.45142095460901 -2.48599365155143
3.6907965981496 2.43548812992631 -1.72796905709975
3.99922587078057 1.45943818392061 -0.953960017276894
4.3248893244794 0.373773455684816 -0.390409861525832
4.42142092422755 -0.835876779151284 -0.112112955796103
4.14658390944236 -2.03728451618214 -0.0869000839066102
3.4956877056253 -3.06577658272446 -0.234646195756616
2.55922166962696 -3.82187447047338 -0.457021146354519
1.45668548294959 -4.33098018853196 -0.656038161393839
0.277496084375922 -4.75557851403685 -0.746985505712937
-0.907261057522312 -5.28254612129903 -0.666501321236175
-1.98548548807674 -5.91488222108954 -0.309528130144416
-2.84041697033024 -6.45179105193824 0.451350424279051
-3.38173814571897 -6.69177272291252 1.54159930893457
-3.55960678197607 -6.54819147425705 2.74786804584003
-3.38420253827854 -6.04299835240953 3.84430142358331
-2.91647493778821 -5.26679408172456 4.65349960993562
-2.24985541962961 -4.34289091455105 5.06621018897126
-1.49247947976431 -3.39987883430228 5.0442907826427
-0.749666114812985 -2.548509241127 4.61528749559749
-0.105862414693486 -1.86135593705376 3.85751341520691
0.391709829590213 -1.35993100734709 2.87340608023507
0.744130848669831 -1.01949273022494 1.7561676200759
1.00834265055147 -0.799179052056865 0.566228775648992
1.30295454545948 -0.677211231603857 -0.654948538105653
1.77900412379778 -0.627874040275062 -1.82823557141148
2.53409403392282 -0.562611098394075 -2.82320155454031
3.54041928286768 -0.364380036283472 -3.50800277572316
4.65812735036607 0.0383248502247605 -3.79578725403488
5.7015337980224 0.650642738421094 -3.66898424100631
6.49572851754303 1.42594588138693 -3.17830377491862
6.90753038974369 2.28610863820945 -2.42896844302649
6.86160118333275 3.13890477022874 -1.56576672831441
6.35251386539261 3.89515924451838 -0.757442040775529
5.45477182326115 4.49267302840836 -0.172343387311575
4.31632094317489 4.93454340996795 0.0701081922355325
3.10262438809585 5.32623250296837 -0.0119048320263237
1.90277042651172 5.78162167508258 -0.182877049797477
0.700050241720762 6.18056202640735 -0.161813976090152
-0.504406490524919 6.27886171653829 0.114269788881629
-1.60559498207301 5.9437377122692 0.538778529253948
-2.46774624577745 5.1844958942004 0.955276818652634
-2.99245147646566 4.1121590975996 1.21535141017009
-3.14986952507948 2.89614178071766 1.20499962406443
-2.99720375425373 1.71688336075856 0.863514542114764
-2.68258635495695 0.69526935018999 0.201600353985434
-2.39467638419981 -0.17484992962902 -0.68339430023499
-2.2199518421905 -0.987211974109828 -1.63185014628805
