-4.12359468123098 6.55512488197978 0.912860418705212
-4.57727000375275 6.43913114246621 -0.184985452362998
-4.81848027266057 5.97173825961389 -1.25681187228836
-4.8332700982258 5.19731738832459 -2.16693164184496
-4.6361715461782 4.19670040812919 -2.79418661937491
-4.27304118614459 3.08023198886412 -3.04726039453801
-3.8210896585629 1.97295376737188 -2.88294540489488
-3.381235007081 0.984002344834002 -2.32454207738179
-3.05428112091521 0.154240394431252 -1.46968641347636
-2.89136054976814 -0.592173758898709 -0.478176705717488
-2.82874574910161 -1.40553446395516 0.465006236822873
-2.70397035379273 -2.37243861488392 1.21143151928043
-2.37518905616117 -3.44490776391915 1.67338070449074
-1.78751777489422 -4.48700348077305 1.81717284706363
-0.964505230005028 -5.3466562054616 1.65902247407541
0.0196937051103453 -5.89864560197629 1.25573787074257
1.06418794070342 -6.06206948181567 0.693016066785052
2.05888327107861 -5.80665946253276 0.0754543806045999
2.89966009646089 -5.15605913860104 -0.482534909478894
3.50660211203376 -4.18908078696644 -0.868692512623953
3.85016840915372 -3.03140971957888 -0.993657720691079
3.98251117852609 -1.81825084858305 -0.826793929923723
4.03478407756147 -0.621795719002518 -0.447257927311231
4.08415166139308 0.57418860673578 -0.0565135087473265
4.01519310530735 1.78978876236489 0.159181712310703
3.66430035842247 2.95672534471979 0.150831143775257
2.97108686847268 3.93286934884884 -0.0286751349171135
1.98265063124274 4.58056599522477 -0.280184605690628
0.815256311964352 4.81882155961334 -0.490105402272478
-0.387819406084776 4.65058000116898 -0.55301243372926
-1.51488884789379 4.17671701707645 -0.400787483044474
-2.55872086477775 3.57071117213547 -0.0543239470027375
-3.59165032381065 2.95734749796908 0.324416423706841
-4.61366599407416 2.28981383791167 0.521421992621723
-5.51243453290765 1.47482147363762 0.430948705351566
-6.14119910635073 0.511064816142565 0.0682011043143348
-6.39220528095509 -0.526392212238287 -0.483144138269743
-6.22228912536897 -1.53320771189316 -1.11114915637029
-5.65012051918619 -2.40573300390239 -1.69928583496857
-4.74660509135968 -3.05784734568206 -2.13975032684963
-3.62487791575774 -3.43296507539442 -2.34283898672408
-2.42757094097037 -3.51617395875276 -2.24667520715107
-1.30325745373401 -3.34722704875157 -1.82872749286754
-0.360252302192904 -3.02757136590956 -1.1157403142578
0.401002138438671 -2.70180575825457 -0.187440105436235
1.11664650994388 -2.48640610968273 0.817971341784578
1.96100382119702 -2.38506624670945 1.71898433409938
3.00412409757817 -2.31895020609349 2.3493122183777
4.18183793892582 -2.21157402204291 2.59936881745114
5.35639034201446 -2.01888500766 2.43217244548729
6.37836750287873 -1.72765771625681 1.87928842501568
7.1218294009607 -1.3476816938251 1.02371215450852
7.4998505630376 -0.904214808872244 -0.0185761308924148
7.47047891642762 -0.431731827338348 -1.11429342451443
7.03839871072857 0.0314033616778945 -2.12623640892745
6.25416090291071 0.447901904039861 -2.92565791893002
5.21111679958243 0.78664631054869 -3.40476223036866
4.03876448324329 1.02842530245397 -3.49030626667444
2.88872350176024 1.17274136628256 -3.15847308896681
1.90607668400669 1.24533595107641 -2.44724801817877
1.18052220472871 1.30392110887952 -1.45416052341862
0.695893373858097 1.43677775916061 -0.310134589652354
0.33364481134362 1.74469241886955 0.84756607315304
-0.0534994810164307 2.29758037123812 1.881337086812
-0.56253501570235 3.0860262102387 2.65678249959726
-1.2130526597986 4.01628739167322 3.06663918837444
-1.96608224453751 4.95160323782638 3.06010992418774
-2.75279277477323 5.75518778161198 2.64954978985997
-3.4959873403354 6.31507639527 1.89970132697101
