0.498498270156093 -6.49982490181567 -0.801628025251207
-0.356517914923486 -6.55015477516112 -0.0118690613176327
-1.21041344107008 -6.38408096269454 0.763550076425704
-2.05368863871806 -5.99906242521531 1.47207955031177
-2.86738885478553 -5.39394992281185 2.05440290660482
-3.61782638257529 -4.58057317089549 2.44346459309146
-4.25636667564094 -3.59857752743716 2.57063619142146
-4.72830059627701 -2.527599134788 2.38110085244171
-4.99589421155518 -1.48477615833331 1.85712940598931
-5.07760746669753 -0.585420531592992 1.0377343506623
-5.07984022658811 0.14738594082682 0.0203483780108104
-5.1150407104984 0.842907807633321 -1.03432538849112
-5.12690797526553 1.67029400150116 -1.9482486419329
-4.98288703073453 2.67194523111692 -2.60187907931664
-4.6257960829583 3.75756482596045 -2.93298818484654
-4.07310752870045 4.80139421882827 -2.93682694436208
-3.37588811586271 5.70447637389186 -2.65487796387818
-2.58838274133969 6.40995492335108 -2.15160292826997
-1.75303978120236 6.8955128037658 -1.4955558361704
-0.896678885345048 7.15883407318894 -0.749467178575953
-0.0334708572968772 7.20399980340851 0.0316634550281704
0.82846340897314 7.03284083452871 0.797036054585303
1.67908148526765 6.64316221165468 1.4941699000207
2.49880958986112 6.03420606185489 2.06392437201442
3.25325241166196 5.21825149403667 2.43965974891397
3.89304665283298 4.23541693019367 2.55351025482794
4.3629041969053 3.16573352223734 2.35176703213507
4.6249246926699 2.12648549651211 1.81790558999926
4.6980424077876 1.23270474754783 0.991562702037171
4.68975588243921 0.506711121141066 -0.030715300490711
4.71408433351564 -0.181927007547812 -1.09017394310978
4.71640047718939 -1.00346661081828 -2.00936215859522
4.56545144007034 -2.00094139445209 -2.66773742617677
4.20480490064107 -3.08440596134651 -3.00195552337043
3.65202335229391 -4.12816192637042 -3.00667360218313
2.9577382398185 -5.03302730773495 -2.72327077973232
2.17550420233184 -5.74175640909283 -2.21638823090101
1.34703834092554 -6.23159752101575 -1.55485120781723

-4.87790995341548 -2.67801664017899 -1.56326397286675
-6.07662887808131 -2.49330009884712 -1.64268400064213
-7.15313006939909 -1.97981918602267 -1.43640632007823
-7.95549897468061 -1.1885311725582 -1.00279774003726
-8.37387362355126 -0.214597554113636 -0.427738334028904
-8.3527299889774 0.821512974038358 0.188133472301871
-7.89519491565684 1.79129348067073 0.740316460012073
-7.06294259948308 2.57477611358738 1.13070649366921
-5.9714420912013 3.07819397210542 1.27858656773232
-4.77639996808077 3.25351041394252 1.13338319192229
-3.64274440415215 3.1150907285735 0.688963094617561
-2.6885964770289 2.73272858079347 -0.00113053615490413
-1.91389296266774 2.16943289171393 -0.803500502288633
-1.18225867138462 1.42733961236797 -1.49533952900625
-0.381933368067347 0.533303097173867 -1.83872716670121
0.442363913695624 -0.394195312751502 -1.70692069861742
1.2047492440916 -1.21362356607898 -1.15177727731291
1.9484191391569 -1.85670102122457 -0.377376429086648
2.82491950824026 -2.32511026126021 0.370210813604284
3.89703044750999 -2.58124766118743 0.91719708623883
5.08769501177946 -2.54690489100925 1.18019248623228
6.24350256430537 -2.18047676372939 1.14375122452679
7.20001713941695 -1.50504402593803 0.842832233342196
7.82292566288494 -0.597792040202389 0.347853700761783
8.02764019996384 0.429595998865914 -0.248923310964833
7.78690653701227 1.44952987187416 -0.845011715610114
7.13255101283777 2.3354103725383 -1.33801479250714
6.15314245672804 2.97846428237263 -1.63594820317155
4.98570652965584 3.3060671491886 -1.66888438317845
3.79533733737873 3.30059222592706 -1.40266651656021
2.7333514057708 3.00826203562193 -0.85417800542406
1.87169502511898 2.50851512907471 -0.109563262010702
1.14103070422665 1.83703403796384 0.653238633710799
0.388917829696078 0.993192499223701 1.18627053445046
-0.422861663438187 0.0503206572777026 1.29051754962129
-1.20981766085046 -0.848228026893495 0.925863899309635
-1.94098069771687 -1.59082374274771 0.232977011639001
-2.73779066954929 -2.15857124349626 -0.542353471408386
-3.72265543808079 -2.54396180159048 -1.18217193439977
