4.72355639401932 0.466838961129882 -3.76827313423294
5.28571823510313 -0.536607348885656 -4.16630895633921
5.7313922987886 -1.6638422226025 -4.26270285597152
5.95198537261978 -2.83584454724455 -4.01733194650411
5.87856643561077 -3.91045094595846 -3.44362484884031
5.49534703260216 -4.72782647846219 -2.61695912112276
4.84613388489171 -5.15761520787684 -1.66643119070056
4.02580240200188 -5.14950857920665 -0.743057123245351
3.13687829639348 -4.781853689124 0.051918245136051
2.21251271399872 -4.28005011819295 0.762092268723712
1.24093543637235 -3.92277810691271 1.51603989704665
0.258156062832191 -3.8502927805178 2.30751989828819
-0.734782948761143 -4.01719928883856 3.02618092773672
-1.79763127288738 -4.2737748010449 3.5706683820624
-2.96407081703011 -4.46302343443775 3.85886793574827
-4.18003225168402 -4.46929444739418 3.827827850441
-5.31560226292076 -4.23208516263045 3.45523486132361
-6.20929725976031 -3.74876129035934 2.77706158857044
-6.71558857084804 -3.07136548229633 1.89006169070638
-6.75138385350475 -2.29439523218446 0.936433534020605
-6.33893742136312 -1.52233655366316 0.060418114556109
-5.62760020016141 -0.799571102635105 -0.678156536687209
-4.86713297511589 -0.0503168170600071 -1.37553472461125
-4.29530209147391 0.802068350436731 -2.13752160292063
-3.99657369175245 1.74529149353294 -2.90886754984686
-3.8781706408047 2.77364116304104 -3.57409900300058
-3.76943766153752 3.8962123929731 -4.03641477483835
-3.53016705257296 5.07480615190391 -4.2162004602675
-3.09349804220771 6.19995020891161 -4.06042539146379
-2.46508118446816 7.12025750159902 -3.56542999438433
-1.70906154954059 7.68731303684064 -2.78948291181434
-0.928357218150541 7.79880260383945 -1.84937200578168
-0.234610145206765 7.43692493582864 -0.896844648056352
0.303929738081908 6.69176915464124 -0.061057734115285
0.739628254606535 5.74442272462761 0.649486353330984
1.24510022492294 4.81421204021987 1.36767725823218
1.9224214375906 4.0772332447349 2.15357769905576
2.76130869436684 3.56106246128858 2.91578935844266
3.72705182773888 3.13930539830325 3.54104422857763
4.76938117510681 2.65091691044343 3.93684140908892
5.79444337414805 2.00314965304932 4.02751106274122
6.6685939537285 1.1953854412843 3.77115884717641
7.25193270399906 0.300444218690771 3.18130699050251
7.43599766184671 -0.564403769489523 2.33496778216391
7.17690239885436 -1.27126258952538 1.36403606209545
6.51879906651067 -1.72603610936789 0.423096651736516
5.58887467491038 -1.930568772596 -0.383006266576757
4.54669107608975 -2.04173829229572 -1.09784485607013
3.54730036816934 -2.29022805294872 -1.85919179859497
2.70548124292582 -2.7743365495873 -2.66945191871853
2.00038834996339 -3.4630726007463 -3.41796371453623
1.29721838925431 -4.27512138665882 -3.99977623349573
0.473654831396622 -5.10739086326801 -4.32879214517495
-0.498805876887783 -5.83760116644729 -4.33680536148799
-1.55420053852206 -6.3408229974298 -3.99515027033144
-2.56556645559612 -6.51691133823731 -3.33377352451434
-3.3848055798293 -6.31594295521809 -2.44529273974041
-3.88674210192055 -5.75669716113051 -1.47137507702536
-4.02195119894873 -4.92871156458007 -0.561438779290155
-3.87545851339747 -3.95422819702052 0.212904268932743
-3.68681773983311 -2.92395578968307 0.93860273269406
-3.70150715448963 -1.91782138191753 1.72831780637855
-3.99315533194026 -0.998903051680712 2.53386850603893
-4.49063769402183 -0.121576879687994 3.24053920977544
-5.06364482947649 0.824557771100034 3.75305282556528
-5.57645859487865 1.90058091436155 3.99217014739831
-5.90911749912 3.06705090560303 3.90046491876208
-5.97365290355443 4.20382333197507 3.4656947541165
-5.72936681615789 5.15316211792023 2.73589801218489
-5.19295630208932 5.76567573843017 1.8188906140384
-4.43854673096698 5.94887551804028 0.86260458088237
-3.57354443628824 5.71818552648509 0.00338373395907246
-2.67037715698819 5.23448991821176 -0.728886167874799
-1.72215906511072 4.7755164054002 -1.45288194734426
-0.743253338487203 4.56320216909736 -2.24170406724222
0.236036782479054 4.63273809636234 -3.01281832014586
1.25459261098444 4.86965874334766 -3.6541610251781
2.37054742498211 5.11178425098285 -4.07620374869301
3.57427391380257 5.22159854710677 -4.20513423355859
4.76803653737362 5.11169773033489 -3.99617031693776
5.80014932127429 4.75114653607885 -3.45581906751173
6.5118597883541 4.16530681327642 -2.65198680995361
6.78375508150109 3.42916638330252 -1.70806239483692
6.58096096170237 2.6475089771327 -0.775597242149509
5.98856182734824 1.90587391048227 0.0296094364005729
5.21236360775103 1.18908658483085 0.725802082702236
4.51553799318014 0.395484363958428 1.44983472101445
4.07377273792368 -0.501637297272746 2.23092831331925
3.8803586479226 -1.4832650852999 2.96558628482169
3.78998910878006 -2.55662101039396 3.54507835565482
3.63736073592346 -3.71545360744452 3.88186062192692
3.31523962293558 -4.88747048878023 3.9066091065102
2.79136288513901 -5.93904021634488 3.5871738562252
2.09953174322859 -6.71517755838778 2.94817120633794
1.32336675300358 -7.08384305147392 2.07626378150393
0.573383968421688 -6.97689992892918 1.10862711083399
-0.0506294034204633 -6.42379898151707 0.196642948429267
-0.524427253841262 -5.5597323651507 -0.571571408830279
-0.966024908504547 -4.58900072451185 -1.26284620136253
-1.54146126807982 -3.72366032068672 -2.01100474104791
-2.29306184592343 -3.08625028484129 -2.79845986031751
-3.19294700785508 -2.62971973495488 -3.51049164609698
-4.20208133982053 -2.1970665673367 -4.04331675269285
-5.25368422489418 -1.64898345518567 -4.31183947180061
-6.23429112705343 -0.93212374904927 -4.25250459383392
-7.00323668149739 -0.0792904437025232 -3.84553910295628
-7.42980397772178 0.81523686174781 -3.13155477831563
-7.42921992926247 1.62615027270855 -2.21276652070183
-6.99264134351011 2.2340879700591 -1.23596135367719
-6.20198509603111 2.5765406186435 -0.346114253288924
-5.20493461629791 2.71504104830901 0.404009603704786
-4.15948095114681 2.86012359690347 1.12082173162497
-3.21279953460003 3.20430786210191 1.90710205508072
-2.43378866991463 3.78230103967904 2.70060197117606
-1.74403182438588 4.53527015139653 3.38550272387362
-0.999447654385325 5.37136204038426 3.86629869889436
-0.111679856225267 6.17828364129494 4.06338879753443
0.90657041255463 6.82933764132531 3.92259146287418
1.96018349156355 7.20638132326797 3.43851397190749
2.90904385106493 7.22742250374958 2.66770037771767
3.60925042929879 6.86970226052608 1.72578024546583
3.96036822512226 6.18310763089088 0.764187465809532
3.96213995652799 5.27858754062664 -0.087820901866336
3.76746385459906 4.27030745825053 -0.821627637427377
3.64691019952254 3.23627448594903 -1.56547983785598
3.78240823425101 2.26003369327089 -2.36986001908782
4.17662547779573 1.36537833130915 -3.14045013893496
