5.46343642567081 -0.00311165702289371 -0.111923142481518
5.21344439439904 1.22449008812893 -0.0432180058898597
4.60014817035939 2.30400135569296 0.197207929594734
3.87854198647503 3.24420265584541 0.685659170199644
3.27110453864504 4.20791700923638 1.272545767332
2.7815953021912 5.29927801399326 1.66561796059763
2.30548224655511 6.44314352611593 1.66568781278184
1.78252967169098 7.46495494231358 1.23083266737645
1.21120415562827 8.19290699865751 0.434269255486149
0.623714340145149 8.5092017470574 -0.583960337662677
0.065895615766261 8.36518603382193 -1.65433029143221
-0.415998887457579 7.78123485721568 -2.60481105045822
-0.784674085197492 6.84069791538231 -3.28182454811516
-1.01943375641817 5.67992070421135 -3.56870519460185
-1.12303127975267 4.47251774627181 -3.40343407366886
-1.12735129192168 3.40297751742533 -2.79431262006843
-1.09532037627886 2.62437211999056 -1.82515042232084
-1.11535006326004 2.20961234359768 -0.635401181312332
-1.29031594271001 2.13834699271348 0.619272307692655
-1.72049173026303 2.33789345216795 1.7864607079384
-2.45978722335926 2.70909457306134 2.71500511360915
-3.47208809898146 3.12930567535345 3.2756514798668
-4.63972898754585 3.47403596347152 3.3970380527416
-5.80528509375716 3.64245641666196 3.08176726420219
-6.81058419049378 3.57082083650585 2.39981884235407
-7.52320184603259 3.23578471860595 1.47291831423306
-7.85419994235035 2.65264057791159 0.457277959382416
-7.77166380085485 1.87058090396567 -0.474724435502791
-7.3120954947446 0.963945318597427 -1.15692765296984
-6.58707902475072 0.0145087542606533 -1.4614456869674
-5.77137945291277 -0.924590232877828 -1.346863571674
-5.03865438350617 -1.87745748336186 -0.920819283642847
-4.41507367894712 -2.90649288018529 -0.455877722414328
-3.70548331460496 -3.93117564131712 -0.187971191551048
-2.7369372793152 -4.72953294067655 -0.10412373119921
-1.54928743965968 -5.12779376757822 -0.0335797715632564
-0.307962469429712 -5.13651150429521 0.207463716401074
0.866660170413869 -4.98015941546758 0.696247795283449
2.00410635402766 -4.93354673061539 1.2847305100395
3.19320909715919 -5.05369297706639 1.68096850174579
4.42192110369032 -5.21335101169425 1.68482314027013
5.56950417044765 -5.27307515913573 1.25328786574212
6.48780749614944 -5.1452382115215 0.458781701199158
7.05834761347702 -4.79826794136646 -0.559095793703984
7.21561839864297 -4.24691452922492 -1.63094195674507
6.95366880442836 -3.54082800102526 -2.58458211723426
6.32559312294577 -2.75347132697881 -3.26606791416683
5.43874916032683 -1.97057351809459 -3.55817561226022
4.44461773630224 -1.27640384159939 -3.39818530992434
3.51887109561875 -0.735733765448705 -2.79364292590989
2.82580228707085 -0.371081425211976 -1.82773919666413
2.47329178239071 -0.143046799723179 -0.639704313681356
2.49563170573518 0.0469889832252591 0.614602506540713
2.88033055580065 0.321857139062718 1.7824590845353
3.56891225531919 0.777777780523033 2.71239073881334
4.43755081474216 1.4449112067403 3.27472166009187
5.31978667729019 2.28373093722845 3.39761963977887
6.04950077316084 3.20843503383339 3.0833107047353
6.49213795044362 4.11404694718402 2.40155127340771
6.56090482017139 4.89771590005839 1.47398521633717
6.2241560615867 5.47495265599497 0.45685686306401
5.50809454084163 5.79369403274649 -0.47733118016475
4.49493480863974 5.84850041361978 -1.16220692608753
3.31099638150143 5.6951230706847 -1.46957936466328
2.08971482766455 5.45819536420174 -1.3576249381624
0.897577350682987 5.30000545587046 -0.933487464018749
-0.305761326748609 5.27473650808726 -0.469435545018938
-1.54818980618065 5.17349882636415 -0.201717998646511
-2.72437721116057 4.73512208346156 -0.117541070907296
-3.66409980747165 3.90685849472763 -0.0460486811998895
-4.29369646303055 2.8373004098207 0.196442731632883
-4.74720236223623 1.74317033445885 0.686734443030528
-5.27709769427059 0.736234499522764 1.27631452695471
-5.97676873660621 -0.232439592941731 1.67322988524255
-6.72967693062499 -1.2164885266009 1.67767886054508
-7.35459390978735 -2.1812126880062 1.2469391624817
-7.70166058826698 -3.0420143232758 0.453559506801515
-7.6845333568419 -3.71180167081441 -0.562855690730738
-7.28354890058082 -4.12611852221111 -1.63298037031126
-6.53907289071258 -4.25461315600465 -2.58476323800619
-5.54160384486225 -4.10619175665979 -3.26440058077256
-4.41934272392672 -3.73069777985096 -3.55481507922285
-3.32118769257705 -3.21703704532755 -3.39341779995054
-2.39108375889121 -2.68496850047858 -2.78784643158497
-1.73046975407994 -2.26567814846615 -1.82129717707146
-1.35875319302319 -2.07257561915259 -0.632861444328106
-1.20723278630089 -2.18503332064989 0.621858917812123
-1.16295915611676 -2.65398460663513 1.79038866135453
-1.11315357116518 -3.47704091611538 2.72139606628548
-0.96971645563543 -4.56206554678065 3.28522144129731
-0.683719048764964 -5.74514811175141 3.40992504226027
-0.246570720408834 -6.83951887844521 3.09752791944153
0.31787874237803 -7.67610221001546 2.41754022115657
0.963715752492358 -8.12818623561875 1.49138016375728
1.63335630805143 -8.12595554400625 0.475135234550368
2.26840719045347 -7.66589474030251 -0.458750611940563
2.8229253765991 -6.81633574188525 -1.14386151662635
3.28205719248693 -5.71445507199088 -1.45190063495112
3.68726571612792 -4.53804851971335 -1.34100014595512
4.14617156919673 -3.42569142657129 -0.91854505237699
4.72550212966662 -2.36951201516195 -0.457178725512224
5.25747324894052 -1.24149401778309 -0.192796493614587
