6.98706783082972 1.73833622032559e-14 5.78929856021822e-14
6.73514746900517 0.896147075844422 0.795084549066136
6.0238240030432 1.68625069097772 1.4070699191321
4.98399246151961 2.28954267178351 1.67798667199223
3.8176205125444 2.68396759287973 1.50819461716934
2.74486078136041 2.94837581268405 0.899591420168023
1.89159125068293 3.27633215333561 -9.50133458780915e-15
1.18093796300775 3.85130707285176 -0.899591420168037
0.415573862095797 4.64814014231191 -1.50819461716935
-0.509194113946804 5.46103541983789 -1.67798667199223
-1.55157606598585 6.05990996005076 -1.40706991913209
-2.59148760129419 6.28088234431516 -0.795084549066124
-3.49353391541486 6.05097823946358 -4.71233712871672e-14
-4.14365986771101 5.38473526847079 0.795084549066037
-4.47224793705742 4.3736592690731 1.40706991913202
-4.4747983475729 3.17149274805445 1.67798667199219
-4.23319437464031 1.96417254943224 1.50819461716934
-3.92579874436828 0.90293126016776 0.899591420168052
-3.78318250136597 3.18111896958732e-14 4.19224017964607e-14
-3.92579874436827 -0.902931260167691 -0.899591420167976
-4.23319437464029 -1.96417254943216 -1.50819461716928
-4.47479834757289 -3.17149274805437 -1.67798667199216
-4.47224793705741 -4.37365926907303 -1.40706991913202
-4.143659867711 -5.38473526847073 -0.795084549066061
-3.49353391541485 -6.05097823946355 7.35067238079687e-16
-2.59148760129418 -6.28088234431515 0.795084549066063
-1.55157606598582 -6.05990996005077 1.40706991913202
-0.509194113946769 -5.46103541983793 1.67798667199216
0.415573862095844 -4.64814014231196 1.50819461716928
1.18093796300781 -3.85130707285182 0.899591420167973
1.89159125068301 -3.27633215333567 -4.34093692735661e-14
2.74486078136052 -2.9483758126841 -0.899591420168052
3.81762051254452 -2.68396759287976 -1.50819461716934
4.98399246151973 -2.28954267178352 -1.67798667199219
6.02382400304329 -1.68625069097771 -1.40706991913202
6.73514746900522 -0.896147075844394 -0.795084549066029

3.49353391541488 6.0509782394635 -4.54517716124314e-14
2.59148760129422 6.28088234431513 0.795084549066023
1.55157606598587 6.05990996005077 1.407069919132
0.509194113946816 5.46103541983795 1.67798667199216
-0.415573862095807 4.64814014231198 1.50819461716931
-1.18093796300779 3.85130707285183 0.899591420168024
-1.89159125068298 3.27633215333568 1.64782599004712e-14
-2.74486078136047 2.94837581268409 -0.899591420168002
-3.81762051254447 2.68396759287976 -1.50819461716931
-4.98399246151967 2.28954267178353 -1.67798667199219
-6.02382400304325 1.68625069097773 -1.40706991913204
-6.73514746900521 0.896147075844425 -0.795084549066072
-6.98706783082974 1.66261407130109e-14 9.15128703978696e-15
-6.73514746900522 -0.896147075844392 0.795084549066092
-6.02382400304327 -1.6862506909777 1.40706991913207
-4.9839924615197 -2.2895426717835 1.67798667199223
-3.81762051254449 -2.68396759287973 1.50819461716936
-2.74486078136049 -2.94837581268405 0.899591420168068
-1.89159125068299 -3.27633215333561 4.61328772924862e-14
-1.18093796300781 -3.85130707285174 -0.899591420167992
-0.415573862095863 -4.64814014231188 -1.50819461716933
0.509194113946729 -5.46103541983787 -1.67798667199224
1.55157606598577 -6.05990996005075 -1.40706991913212
2.59148760129412 -6.28088234431519 -0.795084549066174
3.4935339154148 -6.05097823946363 -1.02298406781046e-13
4.14365986771097 -5.38473526847087 0.795084549065987
4.4722479370574 -4.37365926907319 1.40706991913199
4.4747983475729 -3.17149274805455 1.67798667199218
4.23319437464032 -1.96417254943233 1.50819461716936
3.92579874436828 -0.902931260167841 0.899591420168099
3.78318250136595 -1.06190919705001e-13 9.98737153736103e-14
3.92579874436823 0.902931260167612 -0.899591420167927
4.23319437464026 1.96417254943207 -1.50819461716926
4.47479834757286 3.17149274805428 -1.67798667199216
4.4722479370574 4.37365926907294 -1.40706991913205
4.14365986771102 5.38473526847066 -0.795084549066102
