-9.14938550002492 -2.18919775723486 2.14557059119868
-9.48855784461925 -2.50559193516079 1.04698750496635
-9.43370943405763 -2.7604835639205 -0.116788636318886
-8.98587314913426 -2.94578698740307 -1.20739671393492
-8.19089168924198 -3.06346953960417 -2.09194897896622
-7.13732286761548 -3.12811777078915 -2.65832653844468
-5.94844287248951 -3.16935074080078 -2.83362108226495
-4.7620338684634 -3.23341064415033 -2.60531829606468
-3.68932178790289 -3.38143825125006 -2.03942884912172
-2.75624496328962 -3.67411735905185 -1.28283769499334
-1.87360473565437 -4.11803385887648 -0.530917861209837
-0.905203351259238 -4.60402937175172 0.0539897739248687
0.209470861281667 -4.94808019585391 0.40482038979839
1.4116783839534 -4.99213856231704 0.534949516619964
2.57025470947249 -4.65756416493356 0.505606550151464
3.54222952492934 -3.95131496527548 0.405148337965879
4.21782923634434 -2.95241218892733 0.334339343052102
4.556994689483 -1.78795667907699 0.391297371681478
4.62161663783815 -0.591208224676228 0.648155592490186
4.58017892256105 0.558115695773083 1.10917332398962
4.63202324968909 1.66669468385129 1.66327747360894
4.88332293257136 2.78047354143934 2.11348128915981
5.3180123462302 3.90041907254365 2.28323753708509
5.85102075697945 4.96067848853011 2.07956446716121
6.37715913923283 5.86627214892833 1.49708191197628
6.79960449701552 6.53068943475792 0.598231605784136
7.04375542411588 6.89504819340486 -0.510965220984793
7.0625434457518 6.93482013604342 -1.70168286651877
6.83757972752471 6.66074018353139 -2.83869822057812
6.3783010120856 6.11706154327697 -3.7938737782674
5.71981000762923 5.37813112238202 -4.45814998060513
4.91929922131685 4.54316634085717 -4.75303221890055
4.05019028782888 3.72819730456094 -4.64207856011875
3.19191553329671 3.05293196222988 -4.14154339172005
2.41198981891569 2.61978091767454 -3.32552328831258
1.73883633165275 2.4864974358275 -2.31566227381649
1.13556510029343 2.64594946669449 -1.25140673190151
0.502003320100501 3.02743389526573 -0.260379685942771
-0.276251198060049 3.5088060899079 0.55621690813077
-1.25561734587327 3.93836290095975 1.1305363725267
-2.39900562143412 4.17269177962942 1.43198317177956
-3.59774740654214 4.11028912065796 1.47046535969521
-4.71316323225838 3.70639979523021 1.29442805169154
-5.61106495787798 2.97348668443646 0.984205988822997
-6.18951756877223 1.97534014587857 0.643465899635935
-6.40839371122486 0.813781163308396 0.385571354771805
-6.32190601915657 -0.404180450601031 0.304570590588687
-6.08688353228326 -1.62054815265012 0.416666059339816
-5.86945231764007 -2.83887164024789 0.593126728428706
-5.68118897126034 -4.05680374784336 0.616406531975344
-5.41065102724379 -5.20989365233898 0.349465931547333
-4.96872934541829 -6.18056786172338 -0.208614980982697
-4.33431887388905 -6.85359656369687 -0.970312659296471
-3.53946585440757 -7.1547102771379 -1.81045643790117
-2.64753946083817 -7.06073770310824 -2.59807736246941
-1.73660444536562 -6.59728066354848 -3.21402969475515
-0.887173408929243 -5.83336477420285 -3.56171117776476
-0.171301506309687 -4.87503346489675 -3.57579888831051
0.359778022635366 -3.85548104479999 -3.23105269812332
0.690922207551607 -2.91629956333138 -2.54947065269423
0.858669780060254 -2.17498044583545 -1.59858586443819
0.956930078924857 -1.68736429132536 -0.473547055335871
1.11921174977789 -1.43578907033958 0.725546252788315
1.47803339786796 -1.3535981968377 1.89768733413887
2.11656985965736 -1.3554284722824 2.93232468047762
3.03340918597831 -1.35783694076082 3.71559188866917
4.146915730851 -1.2930715800322 4.15751802242085
5.32861511742344 -1.11645969828279 4.2144417533916
6.43674469067061 -0.807262538203592 3.89393623323836
7.33926553334602 -0.365837208224999 3.24954215268931
7.92881545897359 0.19035802566265 2.37280172895345
8.13434576673558 0.831199591350905 1.38467539944934
7.93263710168151 1.51962124258854 0.424447112974308
7.359746473508 2.22091649675757 -0.369152839898182
6.5155131392745 2.91881811072755 -0.893228659619292
5.5423064434863 3.63430039575075 -1.1382151572987
4.56045156319983 4.4020226924183 -1.23738521238534
3.58695149274846 5.16218064021066 -1.39484628607028
2.55385708879024 5.74327948106747 -1.70629813486165
1.44018948061504 5.98815159274335 -2.11706756243059
0.310487612908823 5.82727725682199 -2.50564249285072
-0.73342373943269 5.28212812558972 -2.7499725951757
-1.5960310895471 4.44404460907363 -2.75672264339345
-2.21492636197007 3.44967753488622 -2.47265985695035
-2.58116655301247 2.45346295356558 -1.88984696096018
-2.75564028256933 1.58917903911901 -1.04551437643804
-2.86920444385212 0.923728834707516 -0.0142347276455814
-3.08627275623755 0.435893334858103 1.10114983060302
-3.54013162052983 0.0509994517811398 2.17525253448182
-4.28266809329911 -0.30203588418009 3.07030756048895
-5.27073800613607 -0.663488138048761 3.65984107382638
-6.39099470895407 -1.04473663726204 3.85995194554095
-7.50042333749186 -1.4383072839597 3.64565114369605
-8.45895652993816 -1.82678242061017 3.04847932032805
