-4.26377336977287 -4.85115139786852 4.3746088384882
-4.4998065705935 -5.38530877950833 3.34946742516924
-4.44339241086008 -5.68808473660427 2.20784707531719
-4.08044679674607 -5.72733053356883 1.07917319041469
-3.43119034225219 -5.50882782385613 0.103806443636444
-2.55124044610385 -5.08840790445191 -0.596706736344935
-1.51667129244732 -4.57065532715282 -0.967808013528895
-0.395502865176747 -4.07493609567199 -1.06342096207997
0.758243080892301 -3.66984873436952 -0.99656682667054
1.90029530553373 -3.32853842953553 -0.827536748491802
2.99663038270906 -2.94867480229444 -0.571778215557005
4.0020546298985 -2.42207225747796 -0.245327227694802
4.84861014696663 -1.68847735534208 0.121472487270087
5.45885656543884 -0.748335292154345 0.48535485430856
5.76672764258194 0.34650221898212 0.796160950157281
5.73354315788121 1.50792457576342 1.00330815786723
5.35822618765502 2.62742556502019 1.06157630587051
4.68325529961012 3.5936743513424 0.936662494295885
3.79471386679026 4.31564557318074 0.611050978840452
2.80806460545253 4.75469657878247 0.0895889732364642
1.82583092308783 4.95783783984419 -0.595788383171259
0.876284079938092 5.04658380382253 -1.37200917567314
-0.0997292954531943 5.1024540602758 -2.11002754047541
-1.16892419011867 5.08128489577535 -2.67083287522518
-2.31185925229832 4.8928387417849 -2.96372490738971
-3.42792351308415 4.48618878178758 -2.9569290273174
-4.39381579503252 3.86516425298836 -2.66925999287569
-5.10492498568393 3.07418120873616 -2.15542850454601
-5.49336762862152 2.18027554056365 -1.49091437702117
-5.5337730974845 1.25724366199988 -0.759017729732133
-5.24331704163707 0.370755164603057 -0.0390175489372494
-4.6771158769435 -0.437808798462953 0.606272971962686
-3.9172445401312 -1.16859063609577 1.143300446407
-3.05568475193768 -1.87271603354731 1.57504972544164
-2.17816010844578 -2.63173174744849 1.92821436343384
-1.35441615238445 -3.50274692530246 2.20263329429558
-0.629708092541536 -4.48454386478451 2.30557267130769
-0.021727639876385 -5.50843659863582 2.10058295221786
0.456178022641096 -6.44578521216514 1.53078530599171
0.787295584553653 -7.16220836121847 0.641168427711585
0.961742052336025 -7.56258739626222 -0.459855107549812
0.981939820724412 -7.60381481392432 -1.64018306179095
0.862549220699816 -7.28989176959308 -2.77029978284611
0.628254384759549 -6.66186139056805 -3.73827860202989
0.311026895033291 -5.78734400468411 -4.45825902677899
-0.0528279096745305 -4.75024713022405 -4.87555346922026
-0.42600898306457 -3.63983057905934 -4.96936528580424
-0.774059616198979 -2.53855595859155 -4.75248456657348
-1.06961713656887 -1.50929168923871 -4.26670566434833
-1.2970210003703 -0.583894142641841 -3.5733819153136
-1.45769014078291 0.243763080724488 -2.74063768563462
-1.57535995935152 1.01681711463653 -1.83251638963184
-1.68967747335522 1.80200247858766 -0.911263014253697
-1.81571917610871 2.66641845175879 -0.0556770064699379
-1.902009973987 3.65712618252347 0.638590115468316
-1.86383518615774 4.7691543753617 1.08597655528594
-1.64047085371129 5.92876999100795 1.2323355783007
-1.21494577186022 7.02159648646399 1.06680836930158
-0.608966442066142 7.93160288823669 0.620430623273941
0.12948711596909 8.565308762043 -0.0448144935615867
0.937756062709183 8.86162998251301 -0.848076916396334
1.74733250515686 8.79417608761415 -1.69940536460512
2.49049070342857 8.37051875705922 -2.50724435114369
3.10572345521803 7.63033536267808 -3.18462916808388
3.54279636599115 6.64283792024691 -3.65499440162002
3.76801198199156 5.50300208331409 -3.8583349324659
3.77000210676741 4.32508375058564 -3.75821333400703
3.56556104389693 3.230371205159 -3.34921416721906
3.20293612359444 2.32488117269878 -2.6618240146296
2.75678260213996 1.6659378716061 -1.75758009698209
2.30870064958245 1.23267509018503 -0.710784763338828
1.91138134339047 0.938815318981267 0.407007644884119
1.55108476920311 0.693388198889783 1.53449025029742
1.16172528322524 0.428468036347267 2.6294265095132
0.679605757875738 0.0889343256596848 3.65338841878292
0.0735501079277628 -0.366502313934143 4.55380612040295
-0.652188547737531 -0.956779527467512 5.26552513577432
-1.46318832007861 -1.67360646133581 5.72304626242644
-2.30236511888804 -2.48250492674468 5.87435516813555
-3.09875478224641 -3.3282006703187 5.69192163220239
-3.77658137707628 -4.14221203154765 5.17941764600149
