-4.85167213572087 -2.463814398691 0.755212805341084
-4.69499454907838 -3.35885175344843 -0.0103111890056093
-4.17278794030377 -4.07050008172261 -0.805318419578969
-3.34088589254162 -4.52248870207595 -1.52395192116881
-2.29068376125391 -4.66618726858502 -2.06545006245588
-1.1437025411788 -4.48898979884874 -2.34306387988875
-0.0401020423452759 -4.02379485086609 -2.29681279377134
0.888493520159252 -3.35451393217055 -1.91070365822088
1.57465423497646 -2.59958146200511 -1.22804311390668
2.07840408576873 -1.84655850950907 -0.356966867352333
2.51640542749331 -1.06472328588353 0.52850200816717
2.87371859727406 -0.133424558185336 1.25040250382772
3.04310207827154 0.979172208280793 1.69461542035521
2.94530008445195 2.16913163180968 1.80967324909224
2.5642574461449 3.28137453389576 1.60209217555864
1.93632526820616 4.1726313745966 1.1236236373681
1.13136780313305 4.73621759472594 0.45459370977799
0.237828129308299 4.90886019766356 -0.308988752937078
-0.647917341032253 4.67174926113285 -1.0644445773418
-1.43011148642513 4.0505813231085 -1.70954671921132
-2.02239422813713 3.1156341981428 -2.14984624407106
-2.35915151245532 1.98032113840837 -2.30832388891452
-2.41151080028561 0.792390132573706 -2.13926539899706
-2.20650249045736 -0.296380585523051 -1.64538723030893
-1.83338353185902 -1.20165069489878 -0.88918146655486
-1.39339386944472 -1.98177911619249 0.0011810269829925
-0.870910209363065 -2.75032878860099 0.839494265907684
-0.143920794276999 -3.51031984399236 1.46275072027957
0.821854075256665 -4.15993651897047 1.77704519715481
1.9415768255656 -4.58310577614229 1.75254560445669
3.07923405779807 -4.70482088257361 1.41608672128669
4.0970695023553 -4.50130032489022 0.83438737066439
4.87869088796793 -3.99285928867541 0.0976037011511925
5.33887512998171 -3.23445119562742 -0.692431395145841
5.42854591702073 -2.30754356070966 -1.43054159384844
5.13881703218657 -1.31294003536348 -2.01532556336663
4.50535750984496 -0.362661085959824 -2.35718834641623
3.61190364729999 0.432475147544454 -2.38941391596174
2.5866333308508 0.984934877247524 -2.08357456460426
1.57400000876465 1.266994477011 -1.46554424079886
0.658939600880318 1.34715689254221 -0.621446791472759
-0.208645477777009 1.34020180115526 0.297799362865753
-1.14436357860842 1.23021167990873 1.10614655515094
-2.17240510683498 0.900491243534551 1.6644482914175
-3.18865269848066 0.302125156721721 1.89801705031127
-4.04715090822638 -0.523095095645004 1.79296600955033
-4.62654909577433 -1.48208391600603 1.38756080849551
