# Knot: 0_1
1 0 0
0.999229036241 0.0392598157591 0
0.996917333733 0.0784590957278 0
0.993068456955 0.117537397458 0
0.987688340595 0.15643446504 0
0.980785280403 0.195090322016 0
0.972369920398 0.233445363856 0
0.962455236454 0.271440449865 0
0.951056516295 0.309016994375 0
0.938191335922 0.346117057077 0
0.923879532511 0.382683432365 0
0.908143173825 0.418659737537 0
0.891006524188 0.45399049974 0
0.872496007073 0.488621241497 0
0.852640164354 0.522498564716 0
0.831469612303 0.55557023302 0
0.809016994375 0.587785252292 0
0.785316930881 0.61909394931 0
0.7604059656 0.64944804833 0
0.734322509436 0.678800745533 0
0.707106781187 0.707106781187 0
0.678800745533 0.734322509436 0
0.64944804833 0.7604059656 0
0.61909394931 0.785316930881 0
0.587785252292 0.809016994375 0
0.55557023302 0.831469612303 0
0.522498564716 0.852640164354 0
0.488621241497 0.872496007073 0
0.45399049974 0.891006524188 0
0.418659737537 0.908143173825 0
0.382683432365 0.923879532511 0
0.346117057077 0.938191335922 0
0.309016994375 0.951056516295 0
0.271440449865 0.962455236454 0
0.233445363856 0.972369920398 0
0.195090322016 0.980785280403 0
0.15643446504 0.987688340595 0
0.117537397458 0.993068456955 0
0.0784590957278 0.996917333733 0
0.0392598157591 0.999229036241 0
6.12323399574e-17 1 0
-0.0392598157591 0.999229036241 0
-0.0784590957278 0.996917333733 0
-0.117537397458 0.993068456955 0
-0.15643446504 0.987688340595 0
-0.195090322016 0.980785280403 0
-0.233445363856 0.972369920398 0
-0.271440449865 0.962455236454 0
-0.309016994375 0.951056516295 0
-0.346117057077 0.938191335922 0
-0.382683432365 0.923879532511 0
-0.418659737537 0.908143173825 0
-0.45399049974 0.891006524188 0
-0.488621241497 0.872496007073 0
-0.522498564716 0.852640164354 0
-0.55557023302 0.831469612303 0
-0.587785252292 0.809016994375 0
-0.61909394931 0.785316930881 0
-0.64944804833 0.7604059656 0
-0.678800745533 0.734322509436 0
-0.707106781187 0.707106781187 0
-0.734322509436 0.678800745533 0
-0.7604059656 0.64944804833 0
-0.785316930881 0.61909394931 0
-0.809016994375 0.587785252292 0
-0.831469612303 0.55557023302 0
-0.852640164354 0.522498564716 0
-0.872496007073 0.488621241497 0
-0.891006524188 0.45399049974 0
-0.908143173825 0.418659737537 0
-0.923879532511 0.382683432365 0
-0.938191335922 0.346117057077 0
-0.951056516295 0.309016994375 0
-0.962455236454 0.271440449865 0
-0.972369920398 0.233445363856 0
-0.980785280403 0.195090322016 0
-0.987688340595 0.15643446504 0
-0.993068456955 0.117537397458 0
-0.996917333733 0.0784590957278 0
-0.999229036241 0.0392598157591 0
-1 1.22464679915e-16 0
-0.999229036241 -0.0392598157591 0
-0.996917333733 -0.0784590957278 0
-0.993068456955 -0.117537397458 0
-0.987688340595 -0.15643446504 0
-0.980785280403 -0.195090322016 0
-0.972369920398 -0.233445363856 0
-0.962455236454 -0.271440449865 0
-0.951056516295 -0.309016994375 0
-0.938191335922 -0.346117057077 0
-0.923879532511 -0.382683432365 0
-0.908143173825 -0.418659737537 0
-0.891006524188 -0.45399049974 0
-0.872496007073 -0.488621241497 0
-0.852640164354 -0.522498564716 0
-0.831469612303 -0.55557023302 0
-0.809016994375 -0.587785252292 0
-0.785316930881 -0.61909394931 0
-0.7604059656 -0.64944804833 0
-0.734322509436 -0.678800745533 0
-0.707106781187 -0.707106781187 0
-0.678800745533 -0.734322509436 0
-0.64944804833 -0.7604059656 0
-0.61909394931 -0.785316930881 0
-0.587785252292 -0.809016994375 0
-0.55557023302 -0.831469612303 0
-0.522498564716 -0.852640164354 0
-0.488621241497 -0.872496007073 0
-0.45399049974 -0.891006524188 0
-0.418659737537 -0.908143173825 0
-0.382683432365 -0.923879532511 0
-0.346117057077 -0.938191335922 0
-0.309016994375 -0.951056516295 0
-0.271440449865 -0.962455236454 0
-0.233445363856 -0.972369920398 0
-0.195090322016 -0.980785280403 0
-0.15643446504 -0.987688340595 0
-0.117537397458 -0.993068456955 0
-0.0784590957278 -0.996917333733 0
-0.0392598157591 -0.999229036241 0
-1.83697019872e-16 -1 0
0.0392598157591 -0.999229036241 0
0.0784590957278 -0.996917333733 0
0.117537397458 -0.993068456955 0
0.15643446504 -0.987688340595 0
0.195090322016 -0.980785280403 0
0.233445363856 -0.972369920398 0
0.271440449865 -0.962455236454 0
0.309016994375 -0.951056516295 0
0.346117057077 -0.938191335922 0
0.382683432365 -0.923879532511 0
0.418659737537 -0.908143173825 0
0.45399049974 -0.891006524188 0
0.488621241497 -0.872496007073 0
0.522498564716 -0.852640164354 0
0.55557023302 -0.831469612303 0
0.587785252292 -0.809016994375 0
0.61909394931 -0.785316930881 0
0.64944804833 -0.7604059656 0
0.678800745533 -0.734322509436 0
0.707106781187 -0.707106781187 0
0.734322509436 -0.678800745533 0
0.7604059656 -0.64944804833 0
0.785316930881 -0.61909394931 0
0.809016994375 -0.587785252292 0
0.831469612303 -0.55557023302 0
0.852640164354 -0.522498564716 0
0.872496007073 -0.488621241497 0
0.891006524188 -0.45399049974 0
0.908143173825 -0.418659737537 0
0.923879532511 -0.382683432365 0
0.938191335922 -0.346117057077 0
0.951056516295 -0.309016994375 0
0.962455236454 -0.271440449865 0
0.972369920398 -0.233445363856 0
0.980785280403 -0.195090322016 0
0.987688340595 -0.15643446504 0
0.993068456955 -0.117537397458 0
0.996917333733 -0.0784590957278 0
0.999229036241 -0.0392598157591 0

# Knot: 3_1
2.75 0 0
2.73634003621 0.215354631302 0.0881530480934
2.69567550603 0.426953056319 0.175084022892
2.62894161677 0.631153041047 0.259587792808
2.53766120326 0.824536107305 0.340492874805
2.42389238256 1.00400909859 0.416677674765
2.29015805566 1.16689381272 0.487086036248
2.13935991313 1.31100144088 0.550741882077
1.97468018236 1.43468913169 0.606762745781
1.79947481141 1.53689668041 0.654372005305
1.61716209993 1.61716209993 0.692909649383
1.43111094946 1.67561563424 0.72184142734
1.24453290821 1.71295259429 0.740766255446
1.06038202747 1.73038620053 0.749421777181
0.88126623642 1.72958237375 0.7476880003
0.709373489192 1.7125790984 0.735588960302
0.546415361641 1.68169356298 0.713292387221
0.393590096641 1.63942073905 0.681107380369
0.251566342489 1.58832737593 0.639480123266
0.120488027881 1.53094555051 0.588987698161
8.99913278059e-17 1.46966991411 0.53033008589
-0.110706749263 1.40666262181 0.464320461982
-0.212832199094 1.3437696194 0.391873923537
-0.307889367477 1.28245151156 0.313994803153
-0.39761451914 1.2237316597 0.231762745781
-0.483869156592 1.16816348026 0.146317741512
-0.568537750574 1.11581816205 0.0588443217959
-0.653425326488 1.06629322144 -0.0294448618193
-0.740159024238 1.01874149923 -0.11732584878
-0.83009759047 0.971919403633 -0.203580337399
-0.924252450544 0.924252450544 -0.287012574274
-1.02322355464 0.873915474933 -0.366465931123
-1.12715261586 0.818924310974 -0.440838939219
-1.23569567986 0.757235286518 -0.50910055915
-1.34801621224 0.686848566467 -0.5703044742
-1.46279908965 0.605911221961 -0.623602209227
-1.57828506526 0.512815903972 -0.668254893141
-1.69232447937 0.406291160967 -0.703643501942
-1.80244823316 0.285479754622 -0.729277440298
-1.9059533658 0.150001783017 -0.744801342716
-2 2.44929359829e-16 -0.75
-2.08171596913 -0.163834599895 -0.744801342716
-2.14830512923 -0.340258105539 -0.729277440298
-2.19715520222 -0.527490294456 -0.703643501942
-2.22594099993 -0.723252073528 -0.668254893141
-2.23271904039 -0.924822507499 -0.623602209227
-2.21600988451 -1.12911343249 -0.5703044742
-2.17486497756 -1.33275897235 -0.50910055915
-2.10891536164 -1.5322166982 -0.440838939219
-2.01840030776 -1.72387671839 -0.366465931123
-1.9041746742 -1.9041746742 -0.287012574274
-1.76769460285 -2.06970445877 -0.203580337399
-1.61098198493 -2.21732647827 -0.11732584878
-1.43656893238 -2.34426743597 -0.0294448618193
-1.24742424838 -2.4482079347 0.0588443217959
-1.04686457287 -2.52735464979 0.146317741512
-0.83845345836 -2.58049440548 0.231762745781
-0.625892087947 -2.60702817003 0.313994803153
-0.412905661067 -2.60698374298 0.391873923537
-0.203129633648 -2.58100671312 0.464320461982
-4.64814096071e-16 -2.53033008589 0.53033008589
0.193348355031 -2.45672378442 0.588987698161
0.374171517672 -2.36242598645 0.639480123266
0.540191358783 -2.25005894254 0.681107380369
0.689652615859 -2.1225325022 0.713292387221
0.821360240268 -1.98293903165 0.735588960302
0.934695762538 -1.83444372301 0.7476880003
1.02961223139 -1.68017445689 0.749421777181
1.10660810096 -1.52311538321 0.740766255446
1.16668124386 -1.36600822816 0.72184142734
1.21126502482 -1.21126502482 0.692909649383
1.24214905099 -1.06089551291 0.654372005305
1.26138779514 -0.916451877476 0.606762745781
1.27120074428 -0.77899281798 0.550741882077
1.27386804109 -0.649068186233 0.487086036248
1.27162574749 -0.526724630873 0.416677674765
1.26656486192 -0.411531870195 0.340492874805
1.26053806482 -0.302628414376 0.259587792808
1.25507785635 -0.198784803841 0.175084022892
1.25132929872 -0.0984817516093 0.0881530480934
1.25 -3.06161699787e-16 2.75545529808e-16
1.25132929872 0.0984817516093 -0.0881530480934
1.25507785635 0.198784803841 -0.175084022892
1.26053806482 0.302628414376 -0.259587792808
1.26656486192 0.411531870195 -0.340492874805
1.27162574749 0.526724630873 -0.416677674765
1.27386804109 0.649068186233 -0.487086036248
1.27120074428 0.77899281798 -0.550741882077
1.26138779514 0.916451877476 -0.606762745781
1.24214905099 1.06089551291 -0.654372005305
1.21126502482 1.21126502482 -0.692909649383
1.16668124386 1.36600822816 -0.72184142734
1.10660810096 1.52311538321 -0.740766255446
1.02961223139 1.68017445689 -0.749421777181
0.934695762538 1.83444372301 -0.7476880003
0.821360240268 1.98293903165 -0.735588960302
0.689652615859 2.1225325022 -0.713292387221
0.540191358783 2.25005894254 -0.681107380369
0.374171517672 2.36242598645 -0.639480123266
0.193348355031 2.45672378442 -0.588987698161
7.74690160118e-16 2.53033008589 -0.53033008589
-0.203129633648 2.58100671312 -0.464320461982
-0.412905661067 2.60698374298 -0.391873923537
-0.625892087947 2.60702817003 -0.313994803153
-0.83845345836 2.58049440548 -0.231762745781
-1.04686457287 2.52735464979 -0.146317741512
-1.24742424838 2.4482079347 -0.0588443217959
-1.43656893238 2.34426743597 0.0294448618193
-1.61098198493 2.21732647827 0.11732584878
-1.76769460285 2.06970445877 0.203580337399
-1.9041746742 1.9041746742 0.287012574274
-2.01840030776 1.72387671839 0.366465931123
-2.10891536164 1.5322166982 0.440838939219
-2.17486497756 1.33275897235 0.50910055915
-2.21600988451 1.12911343249 0.5703044742
-2.23271904039 0.924822507499 0.623602209227
-2.22594099993 0.723252073528 0.668254893141
-2.19715520222 0.527490294456 0.703643501942
-2.14830512923 0.340258105539 0.729277440298
-2.08171596913 0.163834599895 0.744801342716
-2 7.34788079488e-16 0.75
-1.9059533658 -0.150001783017 0.744801342716
-1.80244823316 -0.285479754622 0.729277440298
-1.69232447937 -0.406291160967 0.703643501942
-1.57828506526 -0.512815903972 0.668254893141
-1.46279908965 -0.605911221961 0.623602209227
-1.34801621224 -0.686848566467 0.5703044742
-1.23569567986 -0.757235286518 0.50910055915
-1.12715261586 -0.818924310974 0.440838939219
-1.02322355464 -0.873915474933 0.366465931123
-0.924252450544 -0.924252450544 0.287012574274
-0.83009759047 -0.971919403633 0.203580337399
-0.740159024238 -1.01874149923 0.11732584878
-0.653425326488 -1.06629322144 0.0294448618193
-0.568537750574 -1.11581816205 -0.0588443217959
-0.483869156592 -1.16816348026 -0.146317741512
-0.39761451914 -1.2237316597 -0.231762745781
-0.307889367477 -1.28245151156 -0.313994803153
-0.212832199094 -1.3437696194 -0.391873923537
-0.110706749263 -1.40666262181 -0.464320461982
-6.29939294641e-16 -1.46966991411 -0.53033008589
0.120488027881 -1.53094555051 -0.588987698161
0.251566342489 -1.58832737593 -0.639480123266
0.393590096641 -1.63942073905 -0.681107380369
0.54641536164 -1.68169356298 -0.713292387221
0.709373489192 -1.7125790984 -0.735588960302
0.88126623642 -1.72958237375 -0.7476880003
1.06038202747 -1.73038620053 -0.749421777181
1.24453290821 -1.71295259429 -0.740766255446
1.43111094946 -1.67561563424 -0.72184142734
1.61716209993 -1.61716209993 -0.692909649383
1.79947481141 -1.53689668041 -0.654372005305
1.97468018236 -1.43468913169 -0.606762745781
2.13935991313 -1.31100144088 -0.550741882077
2.29015805566 -1.16689381272 -0.487086036248
2.42389238256 -1.00400909859 -0.416677674765
2.53766120326 -0.824536107305 -0.340492874805
2.62894161677 -0.631153041047 -0.259587792808
2.69567550603 -0.426953056319 -0.175084022892
2.73634003621 -0.215354631302 -0.0881530480934

# Knot: 4_1
3 0 0
2.97614407223 0.352249863803 0.15643446504
2.90513827392 0.697461991758 0.309016994375
2.78865170647 1.02878792939 0.45399049974
2.62941060927 1.33975162259 0.587785252292
2.43111698132 1.6244204332 0.707106781187
2.19833860758 1.87755854484 0.809016994375
1.9363742703 2.09475788401 0.891006524188
1.65109876273 2.27254248594 0.951056516295
1.34879298995 2.40844318289 0.987688340595
1.0359649148 2.50104054746 1
0.719167370133 2.54997514783 0.987688340595
0.404818801581 2.55592532165 0.951056516295
0.0990328289033 2.52055380974 0.891006524188
-0.192537875534 2.44642566601 0.809016994375
-0.464838478083 2.33690083832 0.707106781187
-0.713525491562 2.19600565874 0.587785252292
-0.935053649836 2.0282881613 0.45399049974
-1.12673391289 1.83866263669 0.309016994375
-1.28676145005 1.63224911802 0.15643446504
-1.41421356237 1.41421356237 1.22464679915e-16
-1.5090186055 1.18961434719 -0.15643446504
-1.57189802073 0.963260345976 -0.309016994375
-1.604284534 0.739585300314 -0.45399049974
-1.60822040644 0.522542485937 -0.587785252292
-1.58624028329 0.315522809982 -0.707106781187
-1.54124366893 0.121298507377 -0.809016994375
-1.47636233522 -0.058006434133 -0.891006524188
-1.39482804073 -0.22091905858 -0.951056516295
-1.29984579799 -0.366594429327 -0.987688340595
-1.19447758258 -0.494768814657 -1
-1.08154084541 -0.605691976041 -0.987688340595
-0.963525491562 -0.700042246437 -0.951056516295
-0.842532153737 -0.778828711831 -0.891006524188
-0.720233648477 -0.843285254819 -0.809016994375
-0.59786049888 -0.894761467894 -0.707106781187
-0.476210376366 -0.934615487486 -0.587785252292
-0.355680298916 -0.964113637216 -0.45399049974
-0.236319463665 -0.984341407673 -0.309016994375
-0.117899726028 -0.996129755588 -0.15643446504
-1.83697019872e-16 -1 -2.44929359829e-16
0.117899726028 -0.996129755588 0.15643446504
0.236319463665 -0.984341407673 0.309016994375
0.355680298916 -0.964113637216 0.45399049974
0.476210376366 -0.934615487486 0.587785252292
0.59786049888 -0.894761467894 0.707106781187
0.720233648477 -0.843285254819 0.809016994375
0.842532153737 -0.778828711831 0.891006524188
0.963525491562 -0.700042246437 0.951056516295
1.08154084541 -0.605691976041 0.987688340595
1.19447758258 -0.494768814657 1
1.29984579799 -0.366594429327 0.987688340595
1.39482804073 -0.22091905858 0.951056516295
1.47636233522 -0.058006434133 0.891006524188
1.54124366893 0.121298507377 0.809016994375
1.58624028329 0.315522809982 0.707106781187
1.60822040644 0.522542485937 0.587785252292
1.604284534 0.739585300314 0.45399049974
1.57189802073 0.963260345976 0.309016994375
1.5090186055 1.18961434719 0.15643446504
1.41421356237 1.41421356237 3.67394039744e-16
1.28676145005 1.63224911802 -0.15643446504
1.12673391289 1.83866263669 -0.309016994375
0.935053649836 2.0282881613 -0.45399049974
0.713525491562 2.19600565874 -0.587785252292
0.464838478083 2.33690083832 -0.707106781187
0.192537875534 2.44642566601 -0.809016994375
-0.0990328289033 2.52055380974 -0.891006524188
-0.404818801581 2.55592532165 -0.951056516295
-0.719167370133 2.54997514783 -0.987688340595
-1.0359649148 2.50104054746 -1
-1.34879298995 2.40844318289 -0.987688340595
-1.65109876273 2.27254248594 -0.951056516295
-1.9363742703 2.09475788401 -0.891006524188
-2.19833860758 1.87755854484 -0.809016994375
-2.43111698132 1.6244204332 -0.707106781187
-2.62941060927 1.33975162259 -0.587785252292
-2.78865170647 1.02878792939 -0.45399049974
-2.90513827392 0.697461991758 -0.309016994375
-2.97614407223 0.352249863803 -0.15643446504
-3 1.10218211923e-15 -4.89858719659e-16
-2.97614407223 -0.352249863803 0.15643446504
-2.90513827392 -0.697461991758 0.309016994375
-2.78865170647 -1.02878792939 0.45399049974
-2.62941060927 -1.33975162259 0.587785252292
-2.43111698132 -1.6244204332 0.707106781187
-2.19833860758 -1.87755854484 0.809016994375
-1.9363742703 -2.09475788401 0.891006524188
-1.65109876273 -2.27254248594 0.951056516295
-1.34879298995 -2.40844318289 0.987688340595
-1.0359649148 -2.50104054746 1
-0.719167370133 -2.54997514783 0.987688340595
-0.404818801581 -2.55592532165 0.951056516295
-0.0990328289033 -2.52055380974 0.891006524188
0.192537875534 -2.44642566601 0.809016994375
0.464838478083 -2.33690083832 0.707106781187
0.713525491562 -2.19600565874 0.587785252292
0.935053649836 -2.0282881613 0.45399049974
1.12673391289 -1.83866263669 0.309016994375
1.28676145005 -1.63224911802 0.15643446504
1.41421356237 -1.41421356237 6.12323399574e-16
1.5090186055 -1.18961434719 -0.15643446504
1.57189802073 -0.963260345976 -0.309016994375
1.604284534 -0.739585300314 -0.45399049974
1.60822040644 -0.522542485937 -0.587785252292
1.58624028329 -0.315522809982 -0.707106781187
1.54124366893 -0.121298507377 -0.809016994375
1.47636233522 0.058006434133 -0.891006524188
1.39482804073 0.22091905858 -0.951056516295
1.29984579799 0.366594429327 -0.987688340595
1.19447758258 0.494768814657 -1
1.08154084541 0.605691976041 -0.987688340595
0.963525491562 0.700042246437 -0.951056516295
0.842532153737 0.778828711831 -0.891006524188
0.720233648477 0.843285254819 -0.809016994375
0.59786049888 0.894761467894 -0.707106781187
0.476210376366 0.934615487486 -0.587785252292
0.355680298916 0.964113637216 -0.45399049974
0.236319463665 0.984341407673 -0.309016994375
0.117899726028 0.996129755588 -0.15643446504
5.51091059616e-16 1 -7.34788079488e-16
-0.117899726028 0.996129755588 0.15643446504
-0.236319463665 0.984341407673 0.309016994375
-0.355680298916 0.964113637216 0.45399049974
-0.476210376366 0.934615487486 0.587785252292
-0.59786049888 0.894761467894 0.707106781187
-0.720233648477 0.843285254819 0.809016994375
-0.842532153737 0.778828711831 0.891006524188
-0.963525491562 0.700042246437 0.951056516295
-1.08154084541 0.605691976041 0.987688340595
-1.19447758258 0.494768814657 1
-1.29984579799 0.366594429327 0.987688340595
-1.39482804073 0.22091905858 0.951056516295
-1.47636233522 0.058006434133 0.891006524188
-1.54124366893 -0.121298507377 0.809016994375
-1.58624028329 -0.315522809982 0.707106781187
-1.60822040644 -0.522542485937 0.587785252292
-1.604284534 -0.739585300314 0.45399049974
-1.57189802073 -0.963260345976 0.309016994375
-1.5090186055 -1.18961434719 0.15643446504
-1.41421356237 -1.41421356237 8.57252759403e-16
-1.28676145005 -1.63224911802 -0.15643446504
-1.12673391289 -1.83866263669 -0.309016994375
-0.935053649836 -2.0282881613 -0.45399049974
-0.713525491562 -2.19600565874 -0.587785252292
-0.464838478083 -2.33690083832 -0.707106781187
-0.192537875534 -2.44642566601 -0.809016994375
0.0990328289033 -2.52055380974 -0.891006524188
0.404818801581 -2.55592532165 -0.951056516295
0.719167370133 -2.54997514783 -0.987688340595
1.0359649148 -2.50104054746 -1
1.34879298995 -2.40844318289 -0.987688340595
1.65109876273 -2.27254248594 -0.951056516295
1.9363742703 -2.09475788401 -0.891006524188
2.19833860758 -1.87755854484 -0.809016994375
2.43111698132 -1.6244204332 -0.707106781187
2.62941060927 -1.33975162259 -0.587785252292
2.78865170647 -1.02878792939 -0.45399049974
2.90513827392 -0.697461991758 -0.309016994375
2.97614407223 -0.352249863803 -0.15643446504

