6.96111764477738 -1.00702860134226 -5.17657458383549
8.03650414264763 -0.916325164952376 -4.37470632993922
8.83625032341712 -0.710256642923667 -3.31818048117507
9.29732530251263 -0.415719935440719 -2.09389842252971
9.37544811067438 -0.0521114448539949 -0.804610834283383
9.07063202262982 0.362561037900044 0.436575132288524
8.4150977766363 0.800348493379406 1.53121914855811
7.44665037950107 1.22185590772066 2.38988889514451
6.21753680478762 1.58920520140094 2.90630918783953
4.83096836006209 1.88980187704634 2.96806291600399
3.43975620985736 2.14675963728992 2.52244958024365
2.16468249195735 2.42036376925948 1.64004454779883
1.00761870689429 2.73350672762011 0.517973550736642
-0.133963321558239 3.01514760498547 -0.629239436952305
-1.35865868510217 3.13624068863926 -1.66938902981867
-2.67755497976564 3.13498975883792 -2.53858886490609
-4.08395378543835 3.11001877626834 -3.13732299267775
-5.52957345577291 3.10424325783373 -3.34299507139261
-6.91013194211726 3.05936337159186 -3.07039002792594
-8.07918346232692 2.90785863932398 -2.3514181260404
-8.89521014649576 2.60900714642759 -1.29291490718052
-9.2523768352238 2.14216742104989 -0.0593091795166254
-9.10830268671169 1.50588672261675 1.14470291864244
-8.51006401884784 0.730098496461984 2.11430408219626
-7.58112144492294 -0.141864262045792 2.69384730179218
-6.48050494922149 -1.06383841601579 2.82294340704358
-5.33293190286647 -1.99907117445769 2.56718570354413
-4.15018224307757 -2.85561149231738 2.0328891480224
-2.9318017865937 -3.5520958529709 1.26331019010634
-1.68227560329539 -4.08600832494843 0.349876507929844
-0.383099193369495 -4.49067118271413 -0.551477412262915
1.02307804513951 -4.6507736562014 -1.27709172006585
2.48114088696009 -4.4539237044247 -1.78873571929868
3.87947301160084 -3.88302749645284 -2.07498328296957
5.10829499397979 -3.00251412194669 -2.14077758503544
6.02447661660198 -1.84776982516004 -1.93746753965522
6.51167582595787 -0.47796285131775 -1.5710605613846
6.63529095591532 0.975860995323898 -1.15618574561561
6.3918736228005 2.39948664262453 -0.705926108308741
5.81965839135834 3.73379621766487 -0.270739833376712
5.01262228323101 4.9074557233199 0.232464593479786
3.98530332957284 5.83522269122717 0.820959168318404
2.83975072436203 6.49489423589567 1.49147018294491
1.65864114231334 6.75344574955775 2.27072728816827
0.501727357337291 6.48831707075311 3.02728114992837
-0.535857054779918 5.72552583931644 3.56579416556548
-1.35263783003364 4.60046076568059 3.72247837699794
-1.89210479711388 3.32627447186556 3.40083201911927
-2.16869838377327 2.13432402226307 2.58358104293719
-2.32381150756177 1.16999509709651 1.37099029737579
-2.53418897599239 0.391818658446196 -0.0401032859577483
-2.89257826083377 -0.354405058597634 -1.41405853684726
-3.40848517823339 -1.23727071121144 -2.53011379851914
-3.96855321067725 -2.35259702414667 -3.23645980414922
-4.42554291965856 -3.63628519420953 -3.50036775816494
-4.69520271943965 -4.96276910111111 -3.35410169124318
-4.75922474480474 -6.21331218586806 -2.85969238071463
-4.62387160760723 -7.29130537559082 -2.079041249487
-4.29601318980855 -8.11568847085857 -1.0830107396701
-3.78553769245431 -8.62214046864415 0.0381469944998416
-3.11816946741589 -8.78186315776415 1.17841743923247
-2.33603353583741 -8.59956924204275 2.23950766870971
-1.49585737656012 -8.10004938956217 3.14503684334115
-0.661643552153972 -7.31231251543853 3.8311944284389
0.0972983648684549 -6.27747131169483 4.23114056848833
0.712820208576029 -5.07030363061472 4.27306043541985
1.13091021057314 -3.81396402818407 3.90405933297916
1.33475508087669 -2.66302265538445 3.11109788651924
1.36167510233776 -1.75270673775051 1.938696949701
1.33393647946303 -1.11464931191339 0.485825371737494
1.37684055119418 -0.673762194160141 -1.09195887820303
1.59579216786239 -0.416641182665268 -2.63773479857419
2.1410498765291 -0.387370729458634 -4.01396102780053
3.08869767220087 -0.54772465430377 -5.05108876834141
4.3332162039667 -0.780401020693955 -5.60391423732476
5.68584710470949 -0.957669026907158 -5.6239611174209

3.33322164710271 6.25331190405467 5.39168018569866
2.71198953587045 5.13428408951925 5.720759813977
2.08170203887323 3.96834392285537 5.6515189907312
1.47376815611285 2.87234216931348 5.18219120552782
0.921806205812179 1.95310399240715 4.34381547666642
0.456974596799006 1.29528465112735 3.19039616784175
0.0890360730729714 0.93538326467453 1.79637838927305
-0.222410195162002 0.818738478179307 0.258326071498027
-0.51342853173919 0.874984341294078 -1.3033925425739
-0.817457425047047 1.14430338821899 -2.76333251077847
-1.21627539615529 1.72439752893826 -4.00330939878212
-1.77850224029896 2.59827501638708 -4.89887488554497
-2.49698873247881 3.6375705200262 -5.35933568026713
-3.31793975618006 4.68463832325041 -5.36891678706751
-4.16901411394692 5.6131343268564 -4.96860703459923
-4.97737325772105 6.34194202497775 -4.22894400328814
-5.67962274097705 6.81807108108456 -3.22714268613588
-6.22641862987496 7.00266911880366 -2.0498095984133
-6.58885333631287 6.87561646745854 -0.797208128472782
-6.76090246112398 6.44813176520891 0.42873390109362
-6.7484192545324 5.75670102930692 1.54305659337966
-6.55081307144705 4.84699459309777 2.47539815857228
-6.16080418728322 3.7688422897687 3.14840544503974
-5.59113821973878 2.58838663699312 3.46774556880986
-4.9011263072875 1.39621158666735 3.343322394799
-4.19607349395827 0.289200721832348 2.74074776510416
-3.59513072577416 -0.696288869490032 1.7181994156521
-3.14106969164011 -1.63009759854421 0.462607176808859
-2.75246985465466 -2.61950293308787 -0.786416570141766
-2.27981726694155 -3.70720453447285 -1.82503289615246
-1.63459531013373 -4.8433208107025 -2.52934347326926
-0.747379750933277 -5.90387189819655 -2.81466922912708
0.356094250215914 -6.71657440387707 -2.70533597837402
1.57523495514376 -7.14561433201084 -2.28305015370153
2.78313101383171 -7.12330819714966 -1.66473956939903
3.86277500882341 -6.63599069689565 -0.983912809313059
4.72929999726921 -5.7334229164025 -0.377291121170492
5.38037460280917 -4.52870266218939 0.0556653331352689
5.85864641014671 -3.16853743683704 0.372809713265376
6.00726568360635 -1.72526632516271 0.667223962118181
5.6896518565846 -0.262479658190991 0.796504160271247
5.04035839473703 1.14715688727156 0.675272991014381
4.17862695474614 2.45497332130478 0.391198785616024
3.17226566155524 3.64160409308231 0.0546917923386959
2.04962070998427 4.68981742973255 -0.137445462923315
0.790391152383365 5.47439567068388 -0.0594834584940279
-0.568726841649005 5.84442671742388 0.258004625182017
-1.91812851043584 5.68264125274033 0.69634196946379
-3.09979894762007 4.96438987383339 1.07816179128054
-3.97900922370313 3.79401623462754 1.21778563003831
-4.56251795351557 2.39150068437386 1.04510183807402
-4.89826737599649 0.916238797468844 0.615175712672335
-5.07447267868487 -0.563642302774235 0.0521643800954193
-5.10891497614684 -2.06882478662786 -0.382439337500881
-4.83469431495625 -3.55393995248336 -0.504591218134643
-4.12834435175005 -4.85320850650869 -0.374430370699696
-3.054384479248 -5.8397441565416 -0.129975993101852
-1.76229186251771 -6.47432128574014 0.17544981563967
-0.385212532383999 -6.67867978421048 0.562286600566653
0.952648306579397 -6.36345513753443 0.942716566104767
2.10465953235948 -5.55153888493077 1.17786608209182
2.95656673691865 -4.37117384204681 1.12719718243839
3.4870532796826 -3.01771378952453 0.705683589655256
3.809996271663 -1.64729771553755 -0.0176885210117648
3.99690473575385 -0.267301819088761 -0.848643030901748
4.09244994119485 1.12710462342798 -1.65040439542641
4.1936154502707 2.51772842448939 -2.29262182712245
4.35272480292969 3.9130360690905 -2.61589759217799
4.56001203257326 5.27335426941095 -2.53119445078347
4.77908485411646 6.50606998471415 -2.03466766683183
4.96106610465293 7.50579072175543 -1.17377691908489
5.04897837773272 8.18168206320454 -0.0377983290309717
4.99485831285779 8.47706641708805 1.24838099120952
4.77711619798169 8.38812118537706 2.54515057491394
4.40483893712128 7.95098046118796 3.72945687225503
3.91037416666125 7.21898746976086 4.70504944824207

3.55753183033999 4.57676614672222 2.9875084254659
2.09049707334599 4.37164572419451 2.7512832871629
0.675253062193418 4.0804964465277 2.22894258638346
-0.640206090170514 3.68239838068033 1.46759631588081
-1.83624879579086 3.15176839466115 0.539959812032668
-2.95870187287487 2.49242657902194 -0.428575335651236
-4.03351174782488 1.70603684521005 -1.32849499495186
-5.1151508217805 0.889479791418803 -2.06172297244337
-6.25229003562319 0.0800910138647327 -2.46794463310999
-7.39333989942308 -0.714330683126705 -2.44175478547617
-8.42595449320605 -1.4591818721012 -1.97175477632427
-9.22457320520243 -2.11006595360609 -1.11365364350459
-9.67826620050223 -2.63409330408063 0.0249236601289699
-9.72343025685693 -3.01272361593016 1.29719938883647
-9.36115584229015 -3.24534833641759 2.55040867610149
-8.64232335831313 -3.33669424918531 3.65794259639362
-7.64181909285633 -3.29030424436828 4.52439032507547
-6.44417120347394 -3.11367026454624 5.0698400895501
-5.14927200291646 -2.83300378215613 5.22727366445297
-3.87385209531901 -2.49791088284122 4.95744605558306
-2.73823879443546 -2.17272059926831 4.26492357731905
-1.84567194040496 -1.92351100965648 3.19381933041035
-1.2371776216989 -1.80911197931692 1.83024251434135
-0.831318455662415 -1.87557898093237 0.299129133144775
-0.461305753680779 -2.14033822510184 -1.23664197065959
0.0400946633357135 -2.60639251376526 -2.60978101078697
0.784330913987734 -3.23149648071776 -3.68830365673752
1.76849085571719 -3.9283730441878 -4.39248566249858
2.91597652736714 -4.60873411562874 -4.68166236507048
4.12364921477666 -5.19224626689696 -4.55638892498175
5.28675521246535 -5.61777991650106 -4.05609262824309
6.31478398963509 -5.858440623855 -3.25082122227714
7.13487624541824 -5.91335404121838 -2.2132291175102
7.67636387808811 -5.78294855478407 -1.01265001309153
7.86981091409828 -5.4547428434956 0.257601315608992
7.6766186484477 -4.91776181799034 1.458626300809
7.12795910042708 -4.18549867287704 2.42898449216404
6.32030821212876 -3.30283766582495 3.03351910087028
5.38126225868335 -2.33889996114206 3.19528558095272
4.43429795340359 -1.37069927051277 2.88703487192378
3.58172802843737 -0.46338686337275 2.13007236448193
2.88591252156121 0.378700765390903 1.01484012599952
2.33761256423743 1.23298972118643 -0.270178093799825
1.86268776392297 2.19276325481247 -1.47355045500585
1.28251297030273 3.29080013782849 -2.3465152015285
0.407526371507583 4.37018113432675 -2.75117607795781
-0.758110936140053 5.17838946670337 -2.70740804101776
-2.08064143947358 5.51676616488059 -2.3258961712458
-3.40042847653385 5.32353577756596 -1.7935563114272
-4.61703700267165 4.68802780394722 -1.28074584145221
-5.66985822405549 3.75369818505982 -0.818724671860237
-6.45470861982598 2.55256423724369 -0.413831270463363
-6.97525005514494 1.16405530322087 -0.115356477294913
-7.26189007476361 -0.289805124618977 0.20675725943074
-7.22322043544158 -1.74361446713694 0.609498540700848
-6.89968849656892 -3.11259639406131 1.09413547017335
-6.2453036304129 -4.24136399447026 1.71271709810862
-5.20820687246532 -4.97848685631014 2.33425393611742
-3.88317764334204 -5.24241156053445 2.75146395568734
-2.45475676103894 -5.07402200037057 2.78716185348793
-1.10158871140939 -4.61424207860837 2.36416913310765
0.0828032915372877 -4.02051182526639 1.55151949469016
1.0645853858121 -3.37160148941571 0.447706084413251
1.95031854780237 -2.72057983896895 -0.785846315810448
2.88353708725646 -2.00902725620084 -1.93166434114898
3.88773416545284 -1.12908275581373 -2.79670289438559
4.85296579197363 -0.0537807146917196 -3.35344715138914
5.79916518096668 1.05259374363479 -3.65386854695782
6.74654802625412 2.09571404940269 -3.55191288665692
7.56402743455481 3.04494666793491 -2.99481345505873
8.11399060519877 3.84665895465386 -2.05395557648036
8.29100391128578 4.44680038183164 -0.862087406332878
8.03527986839108 4.81740618160034 0.406687172261408
7.34784664624123 4.96063180846543 1.56216002747009
6.29666035791899 4.91802774052593 2.43482713252807
4.99246881449668 4.76193243231677 2.9116520997562
