-3.2664969253547 -4.39976036493313 1.74509971595468
-2.30157980841036 -3.8878755089584 2.20455256321016
-1.31957155254204 -3.31215498420893 2.55389540431602
-0.30500071339553 -2.75877870783555 2.88658150894769
0.742471254240202 -2.29810363294327 3.2999786565368
1.76795694078767 -1.96019662822614 3.87285330667069
2.66811731207137 -1.72355470870053 4.65515049981268
3.32901991006995 -1.54364555359347 5.64686522762096
3.65764853905707 -1.38320414049754 6.78616768124601
3.60452732172618 -1.21876219122304 7.96428706912922
3.17298605487532 -1.03798678229513 9.05519554933056
2.41368553424487 -0.836635018840296 9.94197213256558
1.41241305789064 -0.616158123880317 10.5327502651869
0.27746250768689 -0.381783689708503 10.7684668672575
-0.871543768013601 -0.140901053168654 10.6261312732727
-1.91377193584913 0.0984086261933795 10.1198451211722
-2.73721562739465 0.328851149808146 9.30030284048827
-3.24967738673372 0.545576091605387 8.25228904886676
-3.39128999407684 0.748226321539711 7.0882585162403
-3.14736154362001 0.943655931061882 5.93445533240504
-2.55614885926243 1.14958804222925 4.90653034602452
-1.70305716823646 1.39850651916699 4.07932086296353
-0.700087113257389 1.73458209521468 3.46746833653862
0.343999529437933 2.18743541601964 3.03127607246909
1.36246070101572 2.73869213865037 2.69667181671708
2.34623500772 3.32631833976891 2.36600723507196
3.31018336967723 3.86906154274596 1.93871097946091
4.24809105001137 4.28099140792691 1.34501538828193
5.11869611201196 4.48219611668583 0.567474612216827
5.85915326098448 4.4118079809514 -0.356338128389338
6.40665502762723 4.03946431129601 -1.34305156536355
6.71922216870944 3.37230860377227 -2.27941343244243
6.79406889332792 2.45621308308239 -3.04511805175701
6.68113335383799 1.3671636163072 -3.54726013201311
6.47966456774349 0.185630677429732 -3.76990243971926
6.28745132744053 -1.03419073548107 -3.81739213720625
6.09321810268302 -2.25351301540648 -3.8665369641951
5.75639770891649 -3.41546059670751 -4.01592840341575
5.15390428856957 -4.43494399808566 -4.23625205929192
4.27146875901729 -5.21590120814424 -4.44253989713749
3.18264540435064 -5.68623741778771 -4.55535138950434
2.00213649075537 -5.81733877535415 -4.52440063939896
0.847840650014335 -5.6254082723668 -4.33212521484206
-0.187047504265089 -5.16354600532491 -3.98856246275542
-1.05538554850463 -4.50862886106242 -3.521574653959
-1.77045961214446 -3.74491390154266 -2.96406571747834
-2.40571909769179 -2.94959079091343 -2.34342969995352
-3.06750474386331 -2.18754986850715 -1.68565490824595
-3.84522340853828 -1.50855798393977 -1.03970869992957
-4.77593323014158 -0.931997643085735 -0.49858732292616
-5.8400483266026 -0.442012088943103 -0.180638684583836
-6.96583287478888 -0.0156090861825585 -0.182475072007333
-8.04257982171615 0.356205164759811 -0.546746875033684
-8.94808399484972 0.670987685226421 -1.25306357997321
-9.57733065033374 0.92314634093653 -2.22800999259958
-9.85975135987985 1.10914683185426 -3.3641646615349
-9.76513451509458 1.22974746323635 -4.53845736427614
-9.30322720829523 1.29074708775721 -5.62670058332997
-8.520554490882 1.30312054164155 -6.51493368664635
-7.49576514981449 1.28287274357166 -7.108974275269
-6.33340327190367 1.25066349396492 -7.34322974934831
-5.15499079106886 1.2311067836868 -7.18917960251564
-4.08532480089797 1.25158467753054 -6.66265364079921
-3.23175291962155 1.34063918897878 -5.82636066350989
-2.65774219222071 1.52684275600249 -4.78115646411146
-2.36126748371664 1.83871887102198 -3.64283839681618
-2.2759429311653 2.29797910507408 -2.51363938694944
-2.30567542579356 2.89564615787088 -1.45606125260348
-2.36401336921885 3.57762981972318 -0.468747614365088
-2.38060052423235 4.2606315446566 0.506415022617573
-2.29894941808637 4.85025098185838 1.53217905929776
-2.08353132463675 5.25114780447793 2.62658544935995
-1.72872149780748 5.38042308773265 3.75127064109691
-1.2627004641458 5.18373078973449 4.82661545495659
-0.745395099667496 4.64782968296988 5.75609968101986
-0.260941620852917 3.80681426115524 6.45326857451895
0.0974745084412052 2.73928237832264 6.87128534330463
0.25650489340414 1.54868047455351 7.03325011783962
0.211461300671151 0.320535054957637 7.04393721534781
0.074287416750995 -0.911283058393244 7.02545597954118
0.026405844175902 -2.13853886589335 6.97760985590052
0.179535878742226 -3.32432529568857 6.77860034378234
0.528967778733341 -4.38055058925356 6.32580545568047
1.00182928737877 -5.20309204308267 5.59936208851591
1.50578661028193 -5.71428183075797 4.64895087604418
1.95763417994045 -5.88181115221032 3.56274504421162
2.29815596689862 -5.72081012041713 2.43780243589175
2.49941412285122 -5.28696970972275 1.35340123906545
2.56665270049989 -4.66341915134602 0.347052723866176
2.53438928935098 -3.94416698356286 -0.600779956811989
2.4576338492689 -3.22101913069495 -1.55627242369246
2.40505917221872 -2.57564870683173 -2.5839488618932
2.46174677475979 -2.06423997632038 -3.6924623177352
2.72456659958548 -1.70086459734707 -4.82427947667532
3.26398195587222 -1.46921588737692 -5.87925117622742
4.08770925507545 -1.34578910056421 -6.74097403593787
5.13740581962719 -1.30612645244793 -7.3052209635138
6.30899037524631 -1.32398069996784 -7.50401671317252
7.47888916140577 -1.3721054954917 -7.31561486442608
8.52508499049187 -1.42407057714742 -6.76281764807187
9.34116270571784 -1.45585003201351 -5.90614426651345
9.84546303460372 -1.44694499130032 -4.83561832748921
9.98748006967087 -1.38117136728821 -3.66220255402117
9.75269225377795 -1.24723950370982 -2.50854588542617
9.16603050468711 -1.03913344385653 -1.49802628147468
8.29284755567851 -0.75604316637116 -0.740663310425206
7.23408827318767 -0.401046018852959 -0.315015206180363
6.11057909916287 0.0230718971356615 -0.248594041909008
5.035391463654 0.521715958896575 -0.505900303104842
4.08569053842635 1.11291729705511 -0.994907071221915
3.28786255260935 1.80999899675254 -1.59724038722729
2.61187359847247 2.59371270302989 -2.21629809679613
1.97330560601581 3.41483415384237 -2.80025827986659
1.26572581055443 4.20938639607749 -3.32330202284328
0.411064768139336 4.90106630813254 -3.76068375327596
-0.61029496386402 5.40509397004045 -4.08287008109234
-1.75717858214667 5.6421646702978 -4.26467630047414
-2.94092631102132 5.55532375322047 -4.29718324850824
-4.04589396055341 5.12384904821578 -4.19694484914443
-4.95604225119186 4.37211279014289 -4.01096537362217
-5.59086540583547 3.36987433242168 -3.81420197871761
-5.95101023658386 2.21507762951773 -3.68996941655262
-6.14696508313877 0.997294009857764 -3.67615960779259
-6.32770187062817 -0.226658652827247 -3.68996577939928
-6.5263130400206 -1.42452041056495 -3.55365706130835
-6.65235365125809 -2.55164493223509 -3.14310534158535
-6.60123258705119 -3.52997988699687 -2.45518672233864
-6.31517429795861 -4.27706928438334 -1.57175392939037
-5.79075559562825 -4.73654682279054 -0.609356159940189
-5.06622934537719 -4.89042678756179 0.31696680339034
-4.20328589072617 -4.75990692825868 1.11761593851797
