6.09248896179538 3.49481549836015e-15 -4.1629048469368e-15
5.87082831888696 0.890658220489282 0.773695529273046
5.2346292239602 1.68081202780177 1.41804725768138
4.26988391086245 2.2833221007861 1.81529053274313
3.11553432915279 2.64216756288466 1.87481559688423
1.94343777616087 2.75766542902188 1.55512218871186
0.899317952230687 2.71363304563291 0.888171406958065
2.00852179397908e-15 2.66713205545486 3.4447406949481e-15
-0.899317952230682 2.71363304563291 -0.888171406958059
-1.94343777616086 2.75766542902188 -1.55512218871186
-3.11553432915279 2.64216756288467 -1.87481559688423
-4.26988391086245 2.28332210078611 -1.81529053274313
-5.2346292239602 1.68081202780177 -1.41804725768138
-5.87082831888696 0.890658220489288 -0.77369552927305
-6.09248896179538 9.36838642722322e-15 -7.41959974482334e-16
-5.87082831888697 -0.890658220489269 0.773695529273049
-5.2346292239602 -1.68081202780176 1.41804725768138
-4.26988391086245 -2.28332210078609 1.81529053274313
-3.11553432915279 -2.64216756288465 1.87481559688423
-1.94343777616087 -2.75766542902186 1.55512218871186
-0.899317952230688 -2.7136330456329 0.888171406958065
-3.72390216087459e-15 -2.66713205545485 3.03972034046838e-15
0.89931795223068 -2.7136330456329 -0.88817140695806
1.94343777616086 -2.75766542902186 -1.55512218871186
3.11553432915278 -2.64216756288465 -1.87481559688423
4.26988391086245 -2.2833221007861 -1.81529053274313
5.2346292239602 -1.68081202780176 -1.41804725768139
5.87082831888696 -0.890658220489274 -0.773695529273054

-1.97227720769576e-14 6.09248896179539 1.79356032284779e-14
-0.890658220489297 5.87082831888696 0.773695529273066
-1.68081202780178 5.23462922396019 1.41804725768139
-2.28332210078611 4.26988391086243 1.81529053274313
-2.64216756288466 3.11553432915277 1.87481559688423
-2.75766542902187 1.94343777616085 1.55512218871185
-2.7136330456329 0.89931795223067 0.888171406958046
-2.66713205545485 -1.18191323571489e-14 -1.83142719997971e-14
-2.71363304563291 -0.899317952230698 -0.888171406958078
-2.75766542902187 -1.94343777616088 -1.55512218871187
-2.64216756288466 -3.11553432915281 -1.87481559688423
-2.28332210078609 -4.26988391086247 -1.81529053274312
-1.68081202780175 -5.23462922396021 -1.41804725768137
-0.890658220489261 -5.87082831888697 -0.773695529273034
1.86836412066937e-14 -6.09248896179537 1.58208732892614e-14
0.890658220489296 -5.87082831888695 0.773695529273064
1.68081202780178 -5.23462922396018 1.41804725768139
2.28332210078611 -4.26988391086242 1.81529053274313
2.64216756288466 -3.11553432915276 1.87481559688422
2.75766542902187 -1.94343777616083 1.55512218871185
2.7136330456329 -0.899317952230658 0.888171406958044
2.66713205545485 2.45964654419233e-14 -2.02576908414502e-14
2.7136330456329 0.899317952230711 -0.88817140695808
2.75766542902187 1.94343777616089 -1.55512218871187
2.64216756288465 3.11553432915282 -1.87481559688423
2.28332210078609 4.26988391086248 -1.81529053274312
1.68081202780175 5.23462922396022 -1.41804725768137
0.890658220489259 5.87082831888698 -0.773695529273033
