-1.60687101885384 -3.10119227222374 -3.68981710109109
-0.934974741881772 -4.07420914999697 -4.03281594455689
-0.0678974907482143 -4.94527624621273 -4.02660944316498
0.919812643741576 -5.56859491110066 -3.64190580108635
1.88759611530169 -5.82487352369997 -2.92479205311857
2.6767301280774 -5.65590411615072 -1.99092096585656
3.15593187413115 -5.08449558420788 -1.00231634991697
3.27182214026156 -4.21418338795669 -0.118734099800041
3.10348223333264 -3.18449677785 0.593982346348781
2.88268975091104 -2.09363207236693 1.25266100231092
2.84436934345613 -1.02422406709627 1.99714163139978
3.02984492487643 -0.0265137250403603 2.76585140848037
3.31431231714256 0.994037379318197 3.41773165246575
3.53268796198381 2.13632548288971 3.82395208407707
3.56340508393442 3.36359620183275 3.88431926063046
3.34901773985342 4.52905853866804 3.55648016110555
2.89570051200755 5.44841750998154 2.87445573291037
2.2648263092529 5.96015576078553 1.94572372983537
1.55685874971108 5.97338327319399 0.930543899821369
0.879978700202349 5.50580797899802 -0.00307805523454774
0.287586312860203 4.69714291517672 -0.767119970674257
-0.295719599647557 3.77573178805935 -1.45566332791509
-0.983912121196971 2.97681219759364 -2.22434877750975
-1.78183698353616 2.39263649978309 -3.03341847309335
-2.67186700175659 1.88701443065032 -3.74487994998592
-3.61809259440635 1.26279808060745 -4.22918648591761
-4.51951385489079 0.440565044967605 -4.37894809956156
-5.23461735604407 -0.529914026836758 -4.13760432110688
-5.6322121615663 -1.51965647052664 -3.52311657774692
-5.63003478420051 -2.36990029522364 -2.62947787895853
-5.21945472261776 -2.93764993703004 -1.60982792478055
-4.4744044902277 -3.14458278465845 -0.636299593601034
-3.52586874017436 -3.03193533302375 0.181648672915844
-2.49032343492705 -2.79831551097012 0.907421934531771
-1.45769342049459 -2.70285062983427 1.70018307954325
-0.499948807146342 -2.84059241409145 2.54163778857764
0.453530505833211 -3.11698647055038 3.30041426758511
1.52889614758233 -3.36544649253378 3.85156444120422
2.73278789808619 -3.44978507299729 4.08599344425003
3.94321169247351 -3.29618615305788 3.93612166496489
4.97833728632086 -2.89576795346412 3.40428375567808
5.66048741141073 -2.29775446522153 2.56901818031566
5.8674727578778 -1.59554938827837 1.57234925498913
5.57590791864131 -0.900211704670941 0.585082111610401
4.88832634223357 -0.286872061989875 -0.266998324434592
4.019052137092 0.286265025592543 -1.01514217749174
3.2240325872666 0.945385743736211 -1.812903935504
2.64660670816539 1.71973584575218 -2.66304491995151
2.19232917209929 2.58971204216082 -3.44150724725969
1.64794352914016 3.52954532687237 -4.02889004916484
0.89117863508769 4.45432930127733 -4.3186503878097
-0.0608482043686852 5.22761978696382 -4.23759512825963
-1.09409699411379 5.71158770846656 -3.77692285576916
-2.04803415197081 5.80941169150249 -3.00224213888326
-2.7622603623906 5.49312322613107 -2.04421976712488
-3.12610409901688 4.81722948467333 -1.0686810667206
-3.13709134427994 3.90431950836132 -0.211009047570912
-2.95601372310973 2.88054483120318 0.53260145747716
-2.85935948169865 1.83614551158689 1.30708011201713
-2.99738942797986 0.857673910214096 2.13798936378445
-3.3060278889884 -0.0854852933901453 2.90820922860337
-3.61582400610889 -1.12563067788291 3.49985610617554
-3.77052023355707 -2.30589234385249 3.80895445881219
-3.67487767635783 -3.53030891503508 3.7607362093289
-3.30337527683558 -4.62534401139603 3.34082775728198
-2.69590181563919 -5.40735104435846 2.60718766916695
-1.94523219057547 -5.73640173116048 1.68258149612919
-1.17275850979706 -5.56146770815771 0.727897125435523
-0.479325864753087 -4.95338999863405 -0.11662618538996
0.140785367857804 -4.10254504156561 -0.834538973865444
0.820152424479307 -3.26513096413795 -1.56411091028886
1.62235844144038 -2.62947999526656 -2.35761291601272
2.5215290251359 -2.1611870407165 -3.1059154201401
3.48977864288758 -1.65407090530382 -3.68655743035313
4.45213849931278 -0.952096805287255 -3.99387843283723
5.27533068305588 -0.0404374327808559 -3.95167730240785
5.81591735964249 0.986065979936067 -3.54304843016268
5.96728289182099 1.97415355098057 -2.82281308156625
5.69037936947942 2.75928207753937 -1.91045655497797
5.02972526580678 3.21364050467621 -0.964990837122567
4.10481916446974 3.30214421859665 -0.130788063065343
3.05090822452464 3.14178563589771 0.560425405327588
1.95454071546442 2.99769197924156 1.24299291965087
0.90180427435228 3.07232303766932 1.99964136907903
-0.0902534807446207 3.34931826783038 2.73265886425546
-1.13769350548623 3.67270111780872 3.31115260520246
-2.31086335000113 3.87583223279884 3.62241930880845
-3.53900471958766 3.84680264174148 3.58538793027828
-4.65935356818877 3.54286527648222 3.17927429345189
-5.4884037526258 2.98843284014248 2.4564228617103
-5.87843338156607 2.26457281140706 1.53537647948608
-5.76301275991957 1.48850385072079 0.576481706610899
-5.19105952804835 0.77258307937892 -0.269374664253194
-4.32945863621199 0.146216711778966 -0.955245276315164
-3.41835923480337 -0.503319853109338 -1.61031413713983
-2.67284853534401 -1.27362387385982 -2.34831375049911
-2.12713343608779 -2.14818732549114 -3.08761936709702
