-6.93396743259671 1.05414673042137 -0.757899410723848
-7.45569704932711 0.351272397526348 -1.50113701994705
-7.74507857623755 -0.448732135129213 -2.26999341900904
-7.79888659497593 -1.30128647453841 -3.03299261528502
-7.62697810954838 -2.16603531894732 -3.76246206258124
-7.24822285010181 -3.00910763864376 -4.43566757756418
-6.68679699990585 -3.8037899130871 -5.03484946765727
-5.96920801071819 -4.53012250548474 -5.54658064699559
-5.1222028494639 -5.17381290907405 -5.96076633037515
-4.17159641308337 -5.72479445267713 -6.26954927302927
-3.14196520204872 -6.17571830751361 -6.46634881660032
-2.05706763222279 -6.52062245339695 -6.54522301624374
-0.940783866605891 -6.75396507608984 -6.50069297477167
0.181680701866986 -6.87014771931026 -6.32810862062826
1.28261556327901 -6.86359216927217 -6.02456713596746
2.33095115912014 -6.72937529623139 -5.59031940409589
3.29202881814064 -6.46436624461313 -5.03051940110469
4.12826853558496 -6.06875036274778 -4.35709130997651
4.80097462277945 -5.5477600106254 -3.59040345085683
5.27347905698271 -4.91334212495188 -2.76031560838562
5.51573051242039 -4.1853305311813 -1.90595390199703
5.51013854833389 -3.39141535445716 -1.07323546334245
5.25766225857725 -2.56488836151394 -0.30883847024222
4.78137806474024 -1.73933697065781 0.350365004078856
4.12229824293987 -0.941952866784766 0.890327017294944
3.32279792472257 -0.193655563791847 1.32380541621926
2.40575207368418 0.478023576081533 1.66658891933048
1.37880409890501 1.03729769715712 1.90136870480683
0.266993017865936 1.46831787970593 1.98754801904501
-0.881937201174463 1.7923730095491 1.91197519951408
-2.02949147757632 2.03620108111645 1.70766201475388
-3.16053095453521 2.18395714147108 1.40991076286026
-4.26012010347693 2.18512221117645 1.02003894269001
-5.29113591866191 1.99886163321954 0.525706366521732
-6.19979384976886 1.61557585374144 -0.0727753624111726

-2.39747498092203 -5.92030876557323 2.69872091607348
-3.01184026857939 -5.572602963413 3.62773176483627
-3.52132798543141 -4.97530628820866 4.48867344985097
-3.89892780234417 -4.17459160166656 5.24392676280677
-4.1322071316936 -3.22170247052546 5.86731582779913
-4.22122152933996 -2.1662293315799 6.34311292361273
-4.17492016810795 -1.05191096509734 6.66305615045618
-4.00720206443706 0.0844570108222504 6.82252891186823
-3.73370972611716 1.21127183833197 6.81727283649618
-3.37004098130681 2.29854993401012 6.64182715806747
-2.93150350624531 3.31394606592214 6.29039117867464
-2.43404194639449 4.21985283937686 5.76014029603554
-1.89563102927685 4.97286734856076 5.05626865424848
-1.33730516250971 5.52636391392636 4.19734237993855
-0.783131773337188 5.8360591058841 3.21923058910098
-0.258764118013519 5.86763961907673 2.17607253064814
0.211455913451766 5.60504612020767 1.13712201668991
0.60859913431951 5.05762085246656 0.17840036837459
0.923596694628183 4.26325729629343 -0.631908037954694
1.15912594146728 3.28283611250312 -1.25311742566028
1.32227410515051 2.1828482137915 -1.68548294464907
1.40626625705676 1.01568047859867 -1.95291907335744
1.38686694449958 -0.181909468799737 -2.06093706133133
1.24817759313137 -1.37315999325377 -1.99146572768931
0.996019075879196 -2.51651035455944 -1.73555706713727
0.641146219195775 -3.57278647094983 -1.30705705630077
0.182601376593645 -4.50076795178105 -0.725909731139688
-0.380878111406066 -5.247407311858 -0.00643069640518879
-1.02928819987162 -5.75610337101798 0.830845457271504
-1.71942531428268 -5.98541998022576 1.74899533071305

-0.112582404588378 1.9785416100909 -5.99623857931037
0.887779589407881 2.51549123820504 -6.22552481617672
1.94162604283465 2.99142607337537 -6.20178903821345
2.99195955427062 3.39168561311985 -5.93526185357989
3.99011132689031 3.70681756083203 -5.44938045890309
4.89834203492628 3.93178693584562 -4.77571003772256
5.69003054349799 4.06464320992452 -3.94932306815273
6.3480476282109 4.10498992293415 -3.00530155433676
6.86203122982172 4.05261986556051 -1.97678135927798
7.22538303817887 3.90666148727093 -0.894635354739701
7.43276728878111 3.66550216018921 0.211459461732849
7.47870434241906 3.32762462110233 1.31110892694403
7.35758113679198 2.89332790976685 2.37115529053149
7.06509770569395 2.36710495685501 3.35427372657316
6.60085550782474 1.76024007236878 4.21891611869784
5.97151651014055 1.09303907254389 4.92107210186076
5.19379282409012 0.39607021305832 5.41797479762541
4.29646699605184 -0.290164406668025 5.67355642308951
3.32055574641712 -0.917729549572961 5.665198634352
2.316428412308 -1.43672286674542 5.39088264124285
1.33628162514762 -1.80467850991202 4.87463841906445
0.421177996492243 -2.00012111141168 4.16565175245371
-0.411541081153337 -2.03615103707019 3.32421725738735
-1.15976314415609 -1.95843291084522 2.39480499423605
-1.80033384111747 -1.80827636201868 1.38995513946842
-2.28252023844976 -1.58519100097653 0.314653122367577
-2.56841215552858 -1.26639327428683 -0.800998437209835
-2.65366976593602 -0.845928414452428 -1.91075526838162
-2.54592003105842 -0.342824934251988 -2.97599292426676
-2.23854351244658 0.215469498840112 -3.9631819508193
-1.72021279843387 0.804425248100769 -4.82881281368201
-0.999725611832682 1.40034494449244 -5.52146147998103
