8.08314855435396 0.312572124239723 1.05691830315668
7.73930453134472 1.01536763895525 1.97594374236196
7.04665809053043 1.60457704816191 2.77009736839586
6.07437778003681 2.04349781622216 3.33787148861624
4.92413278708108 2.31444630400744 3.60110569852334
3.71723244597996 2.42327045451602 3.51594203030304
2.57529304908813 2.40124587636687 3.0807298672229
1.5922433181571 2.30265961037021 2.33820263589969
0.799532854974471 2.19451560037056 1.36696521507056
0.145600652818282 2.13586925548808 0.264685729396644
-0.47933141543551 2.15540077925447 -0.863136692484679
-1.19538595504102 2.24289614381983 -1.90930741249608
-2.08745934128806 2.35184018765282 -2.77151554088528
-3.16307865389579 2.41615630067982 -3.35989540075951
-4.35353978768159 2.3738185271644 -3.61276356925301
-5.54621786573873 2.18205959401551 -3.51041400962891
-6.61677855050991 1.82297781147362 -3.07745508510231
-7.45231645349678 1.30337100138333 -2.37708283195466
-7.96708040244417 0.651371448838213 -1.50137807782564
-8.11227577434969 -0.0890885132363487 -0.559225170519492
-7.88005866149238 -0.865192897004557 0.336764082686138
-7.30210123229726 -1.62259035370847 1.08258161390507
-6.44404937896947 -2.31265991095711 1.59338656998821
-5.3968212257283 -2.90062019909299 1.81315463032267
-4.26215633748436 -3.37691561611172 1.72624814857063
-3.12411019440866 -3.76939887969474 1.37428039893873
-2.00613612020762 -4.12150559825517 0.872257728190304
-0.865901825852678 -4.39209551250192 0.360689312277159
0.311838896919488 -4.45379909015755 -0.118756564843224
1.47331222649276 -4.269076504333 -0.613032937035183
2.59529559830207 -3.94347795307251 -1.13437241380826
3.72176671868289 -3.57458963127634 -1.57685815101331
4.8658372368427 -3.14442147007887 -1.79972465785379
5.9668641008413 -2.60990442137163 -1.72747266917984
6.92670217797262 -1.96381786033365 -1.35123303361285
7.6469059855574 -1.23084072999237 -0.709583633887446
8.04858776582675 -0.454426865482264 0.125137099882158

4.30201806536616 6.84900916515023 -1.06594505243707
3.61995700465781 7.19979340793902 -0.133492691668249
2.74677199729275 7.23720148726059 0.70145524690219
1.75244714416195 6.97718894702947 1.34293756648067
0.713884044585843 6.46663060457315 1.71873004820431
-0.298634347598655 5.77869136594901 1.79050103964161
-1.24282541777859 5.00206313302287 1.56764480096114
-2.12613461372121 4.21034328502757 1.12660208530345
-2.96979841157669 3.39994331605845 0.608662699426517
-3.70964706204283 2.48377528871921 0.118274370578971
-4.24326994226243 1.43071432755477 -0.358330503130199
-4.57845840739729 0.30671435836371 -0.867741744377272
-4.83348308592111 -0.838609366683268 -1.36630648734031
-5.06303097153613 -2.02161216480405 -1.71282717857781
-5.21663865929194 -3.24277299893626 -1.79337817355894
-5.22823652090612 -4.44245233740589 -1.56753788149202
-5.05565065616987 -5.52756945498826 -1.05185084820785
-4.68404593894946 -6.40218840004782 -0.302992586854189
-4.12324826945238 -6.98557221300492 0.593770633059672
-3.40504598700248 -7.22370357514755 1.53423871818705
-2.57961862289805 -7.09766103265149 2.40586811827929
-1.70982447177466 -6.62845871623969 3.10011557740551
-0.863150328116911 -5.87695090809253 3.52549082075148
-0.101967102750095 -4.93801141447838 3.61957865664801
0.527286581082292 -3.92849056877716 3.35865368039649
1.0058434808905 -2.96711997454715 2.76326992923224
1.35381444664525 -2.14367204382466 1.89569778527863
1.63292166616104 -1.48347101143183 0.845937541487824
1.92621850020371 -0.935175865741723 -0.283892333954444
2.30251848050308 -0.39929366366589 -1.38690482915036
2.79147418543413 0.233586651993526 -2.35792192594109
3.36720846022819 1.03700229243478 -3.09947601857909
3.95569066933583 2.01638933731705 -3.53315508815859
4.46297972937009 3.11695257390845 -3.61647252503641
4.80138705694526 4.24869628035341 -3.35131823914176
4.90544597453372 5.30938405106913 -2.78174965439234
4.73986602482557 6.20218122303064 -1.98608664885624

-4.29408661425713 6.85914881308548 1.03219085026869
-4.73548994465389 6.21888507358735 1.95522066671857
-4.90481864747624 5.33139011745429 2.75599600263699
-4.80426425330844 4.27410503940798 3.33243427516673
-4.46868031953164 3.14345160974874 3.60552845193389
-3.96316247492299 2.04156513407414 3.53038653372693
-3.37518080289359 1.05874079430775 3.10424263859675
-2.79874153656675 0.25055169892765 2.36884463642745
-2.30834765813189 -0.387261407763802 1.40224256017981
-1.93064393669495 -0.927144389963587 0.301970578259709
-1.63664205554041 -1.47802623899744 -0.826528795889399
-1.35793234204117 -2.13947103451439 -1.87602935898027
-1.01141489430157 -2.96340458585609 -2.74415737851865
-0.534884807343813 -3.92527018674327 -3.34073816894425
0.092347766235213 -4.93574598629143 -3.6032872936981
0.851976038804059 -5.87619359517126 -3.51101528713536
1.69785892497799 -6.62965153133138 -3.08743431802561
2.56776792901364 -7.10104469913295 -2.39479013796901
3.39422112531351 -7.22928773020466 -1.52444802935762
4.11424105020062 -6.99314932812178 -0.584874164498684
4.67743426228522 -6.41138132467735 0.311413659614853
5.05173574682781 -5.53789755886986 1.06019431218846
5.22700263893098 -4.45340630093759 1.57613158713551
5.21771563692055 -3.25391296390602 1.80239315654436
5.06566876131666 -2.03276244842932 1.72208615381182
4.83673245138731 -0.850166654991725 1.37491488994273
4.58215028974851 0.293950907969849 0.873859921047599
4.24894665396095 1.4168401941882 0.360549913788246
3.71843620182777 2.46995559765469 -0.119500807143679
2.98081956400603 3.38655499561966 -0.612212453935765
2.13791245046331 4.19617235336398 -1.13271162543668
1.25522603119892 4.98654678137964 -1.57823931240033
0.312054075097877 5.76311603653114 -1.80708914832756
-0.69970332248034 6.45309607186036 -1.7415799522681
-1.73832483726269 6.9677569043556 -1.37128181743555
-2.73374329694298 7.23351146306021 -0.733763962061956
-3.60904614468296 7.20287147675373 0.0992785050985951
