-1.2144517213339 -3.76260319224219 5.74954226379843
-1.73931189404807 -4.85085084638974 5.81127968640156
-2.15159405695417 -5.93166340722893 5.4491082618872
-2.37785745917168 -6.85422639477698 4.69052006296052
-2.36133606246104 -7.46749228580216 3.63484866750848
-2.07396124374525 -7.65288875516666 2.45389023754729
-1.52532867056291 -7.36864380754182 1.37458559520673
-0.757106144961748 -6.69995343310296 0.616658868480627
0.186067443277534 -5.8707324254709 0.259452812338219
1.23737519016923 -5.11454358134581 0.184652985634357
2.29258221134339 -4.44601591129195 0.285412617323775
3.25556827469818 -3.69923638647013 0.457234015293369
4.02466831262951 -2.74756958135264 0.569216761283301
4.5138461741503 -1.61242497019542 0.495597734384149
4.73773577567809 -0.421299016558776 0.153522790510778
4.87047414836878 0.721807573777785 -0.42299437185033
5.08792940336448 1.84798346510287 -1.00489749669299
5.31564422363662 3.04398942042657 -1.31843605747852
5.3612347461387 4.27729154381643 -1.25296078354995
5.10325045994075 5.40288593832839 -0.843621550951211
4.52037555185555 6.26233664295017 -0.203945870991203
3.66693174792027 6.74012072480643 0.520225571603091
2.64526230270678 6.78213665359319 1.1789244005603
1.58342348207404 6.40017276429228 1.63598647662257
0.614815154010245 5.67194333435196 1.78374329959211
-0.146305163725922 4.7360249206373 1.5585062062434
-0.639003338126031 3.77269474743262 0.955570503584283
-0.896875690765567 2.95830747309498 0.0335168305743785
-1.06801884044192 2.40329334591955 -1.09995430143887
-1.36176069797131 2.12592046958332 -2.30410638376371
-1.93547685653315 2.08468687090236 -3.41489918109989
-2.8213630958386 2.21434796291615 -4.26383404848378
-3.93554491336266 2.43801139885009 -4.71661913707212
-5.12905843803869 2.67659598809456 -4.70734867277414
-6.23651754571258 2.859648968062 -4.245950392835
-7.10860403128732 2.93267030923642 -3.4078760143579
-7.63192694933013 2.8608114169714 -2.3181673495985
-7.7415748443201 2.63025971064694 -1.13407038930465
-7.42898392862014 2.24792595800027 -0.0264446829151278
-6.7456552179058 1.7393481758939 0.84081472490377
-5.80137097900872 1.14392166682315 1.33470461359092
-4.7519268065932 0.505036897420306 1.38126773835445
-3.7669848636969 -0.148411625802864 0.993115239412204
-2.97535599275966 -0.824039430751241 0.279517143093567
-2.41047329097758 -1.55808951478796 -0.583946544837613
-1.99548536397509 -2.37090505076134 -1.43497834563414
-1.60306503047447 -3.26391785619598 -2.17659754019986
-1.13888262010024 -4.23214313263517 -2.74013097308835
-0.568578766043659 -5.2506599748015 -3.05107292179903
0.0903318085837234 -6.26219952706017 -3.03795191060702
0.780406481281018 -7.17812492749585 -2.65770806687712
1.41759948450813 -7.89284235526438 -1.9181312152141
1.90723657189585 -8.30598390574019 -0.888870001584684
2.16083590472873 -8.34582713688357 0.299768661268517
2.11244308910931 -7.9916713510127 1.468057386714
1.73467165864637 -7.29573266089389 2.41041783369075
1.05143771349291 -6.39953340048297 2.94296576875039
0.130983393645408 -5.5183067719139 2.99041574991427
-0.949984538144122 -4.84586914819691 2.68675331071467
-2.09640167583503 -4.43565558896948 2.26515813424023
-3.21075761223672 -4.19329682519163 1.76452679069067
-4.21915295123384 -3.91433713991051 1.12822818562131
-5.02980620990674 -3.43007327651798 0.356362077065721
-5.53838761770612 -2.67813284533365 -0.460584478708265
-5.68039064194963 -1.69058972326521 -1.1738885081157
-5.47869687328505 -0.558913684789414 -1.63021784930496
-5.06573253767156 0.623651096337141 -1.74810075639509
-4.6307474778428 1.82893305623311 -1.6221257353327
-4.21360815509995 3.04241266899442 -1.52062233277463
-3.62128271642443 4.14995374914529 -1.60299155662779
-2.72311659851796 4.98090312305703 -1.80209540858429
-1.57505353631768 5.39940163633763 -1.96415545236179
-0.343075052798672 5.36566709463802 -1.94224644224509
0.785017363105588 4.95621355670141 -1.63374816091004
1.68868495038291 4.35601281844247 -1.00323484736959
2.4132044031414 3.7987597373243 -0.112159958056538
3.16874436226967 3.41199606479454 0.845619145290712
4.12135393075098 3.11328061833404 1.61163276865451
5.24215505437279 2.75933508302406 2.00000758809819
6.36887988398898 2.2805210016716 1.93727167729398
7.31219066846206 1.68138158731851 1.45004904237595
7.91815346229796 1.01002967498835 0.638242291773681
8.09285357970559 0.333990341150129 -0.354099368879956
7.80885966232974 -0.276174622474023 -1.36313083098021
7.10435524106298 -0.758917915425494 -2.22548272035142
6.07797863798498 -1.07200039840238 -2.79722984094714
4.8779176660511 -1.20214511740601 -2.97363967358087
3.68036695119616 -1.17325101938801 -2.70961038048864
2.65055609474493 -1.04862192553237 -2.03527671823015
1.8872857864457 -0.917572216373781 -1.05296139250017
1.37985163238838 -0.860974001783212 0.0970916643717571
1.02586486777046 -0.920312878851108 1.2924556199553
0.703791525242895 -1.11193243154231 2.46284358233422
0.331183491429749 -1.46438958618146 3.56450517816622
-0.124508210903928 -2.01743014640173 4.53837981062687
-0.654014000620513 -2.79175555440479 5.29886363946494
