-5.02241120284205 -6.74142446840622 4.75975247374609
-6.0200950498402 -6.78635841724837 4.16881218447267
-6.89917212813295 -6.60735667486708 3.43109782551394
-7.5950015846775 -6.20376189824922 2.59155996351341
-8.04861380241559 -5.59293524794506 1.71033803702753
-8.21406773327788 -4.81190120219009 0.860254300937212
-8.06682779306537 -3.91738399184683 0.122401380115196
-7.61301119690945 -2.98279982863454 -0.421296967474732
-6.89760612616206 -2.08929039881136 -0.699875800138894
-6.00628256371771 -1.30699656735155 -0.66924954277668
-5.05267697421753 -0.665825287498303 -0.327222940721749
-4.1516384051135 -0.128199972907683 0.282236454848584
-3.39463696634687 0.403175578282927 1.07589801676688
-2.82121195810986 1.01817667370441 1.94495783640717
-2.39490264681277 1.7403550866115 2.79398097360435
-2.03237638707292 2.55220472931377 3.56780514850335
-1.65312748344074 3.43203292595962 4.23705936279648
-1.19995721363223 4.35742673760074 4.77705183123867
-0.63981459712678 5.29922361836812 5.16049148371439
0.0388127499537303 6.21889040062109 5.35954317433329
0.827780481544477 7.06942967757476 5.35100278407768
1.70091801476223 7.79879751043788 5.12183040797659
2.61641727466985 8.3549479486617 4.67370922543721
3.52038303364241 8.69152092813507 4.02594681453393
4.35138706245286 8.77335259461227 3.21660643193212
5.04576353445574 8.58142728542346 2.30211967313394
5.54369554560075 8.11728321538479 1.355561093781
5.79658161825786 7.40683696909421 0.463197856176431
5.77627772267975 6.50274294362275 -0.281981118073326
5.48589438036186 5.48249929883401 -0.791781764913224
4.96899491224457 4.43694384789407 -1.00061452535539
4.30959757912705 3.44387652487469 -0.885881757967851
3.61703157300792 2.53543636102082 -0.477337949945659
3.00221004777378 1.69443921941667 0.156821467301764
2.53442228013009 0.889469082392726 0.929349371646291
2.19095450957487 0.0960437320905378 1.75256775574235
1.88347574675066 -0.70574528402315 2.56205458428208
1.52772460259837 -1.52619354958179 3.31740684274677
1.07464231931449 -2.36153403057868 3.99032900113404
0.503743353247755 -3.19733752180274 4.5583488046951
-0.189709142941566 -4.01262392048182 5.00188961267812
-1.00138560800269 -4.78151135662914 5.30220634523255
-1.91886036656359 -5.47355851573305 5.44098138509028
-2.9197913900953 -6.05450079203568 5.40210443114866
-3.96988331613545 -6.48841284337961 5.1751905035161

-6.57232721815203 0.764289140175305 2.89139243945914
-6.27498445812221 -0.359472104064618 3.18243756401757
-5.75897295965257 -1.4452733060882 3.14140158612849
-5.14048163306486 -2.41558257164933 2.76725043479768
-4.53774810310023 -3.25354771379964 2.12275885242124
-4.02221827025724 -3.98463117215056 1.30185669082453
-3.59340370982043 -4.61424641331178 0.372469977950585
-3.19058073350472 -5.11484921862637 -0.630243437760442
-2.72936798309441 -5.44384143439122 -1.6725539932028
-2.141348130852 -5.55446331107844 -2.69716879020617
-1.39833248886873 -5.40948800272027 -3.6148536711971
-0.520070359235983 -5.00065976778005 -4.31422886241601
0.431714010453014 -4.36758372917111 -4.68698274563885
1.37686968960891 -3.60685736217485 -4.66562900737339
2.26407721291256 -2.85455517835747 -4.2662252579483
3.1131570983294 -2.22618143759022 -3.60908208987518
3.9636269744545 -1.75130531914093 -2.85017115618884
4.79225023688714 -1.3711176823399 -2.0519853266833
5.52905798796321 -0.975329959439628 -1.19608864897008
6.08631006429574 -0.466100206526295 -0.274274391921342
6.3787301467047 0.20025427244749 0.668774075895623
6.3477022059125 1.01102588025896 1.54323632343551
5.98099145703686 1.91168715271949 2.23906927828141
5.32321133636069 2.82560427626254 2.65337727558705
4.47400872815468 3.67888777347451 2.71920283160365
3.56516848262755 4.43117725471535 2.4333280929947
2.71171738394867 5.09605174260277 1.86639965815536
1.96740286353149 5.70758274437717 1.12209184081397
1.32406702632902 6.25693868027049 0.266321951119281
0.735576494535966 6.68980071250578 -0.675425715681633
0.152951172218949 6.93517664649384 -1.67956498074452
-0.446859001638036 6.92755871937919 -2.70178838189357
-1.05311792664908 6.62425410948126 -3.67450377949294
-1.62804210334823 6.01787202945689 -4.51703247407222
-2.11894517472258 5.14138651226134 -5.15082106424122
-2.47120405754854 4.06541330904705 -5.51429947044724
-2.64044820509272 2.88859004549883 -5.57469754793908
-2.60320544644976 1.72142462586058 -5.33535167912439
-2.36435000819231 0.663088803033262 -4.83677827682533
-1.95707803852452 -0.228445154473178 -4.14947563935513
-1.42870286520836 -0.966415032020303 -3.36004753833875
-0.813348058648836 -1.64289124913689 -2.56309424261913
-0.118075208772686 -2.37551536673389 -1.86919608106347
0.660192217959945 -3.20818592255219 -1.39891336937135
1.52241553694889 -4.06977636790019 -1.24626655253416
2.45377439337319 -4.8243104074419 -1.45343247508315
3.40013224261886 -5.33605829359942 -1.99810001522316
4.27656646871115 -5.51220912776453 -2.79670613220924
4.99626098101102 -5.32059776291071 -3.72983306057853
5.49199788141299 -4.78531564581866 -4.67063108081404
5.72548321741765 -3.97226506649912 -5.50492190994326
5.68899637305531 -2.97300114829825 -6.14320290565604
5.40275248999563 -1.8893043081227 -6.52721968008089
4.90914262356507 -0.818686111344388 -6.63243267259096
4.26406966504466 0.158584394845261 -6.46625663866931
3.52596128320239 0.989113248146837 -6.06179972772604
2.74389248211897 1.65039117590965 -5.46830603969316
1.94632624743235 2.1483479219314 -4.74187296264636
1.13165542374794 2.51072684878569 -3.94160678895821
0.267660284906921 2.78155714152017 -3.13462817603756
-0.679712388676424 3.01932051539056 -2.39697840724695
-1.69988695162536 3.27542427590843 -1.77500855499701
-2.75029037640503 3.53366787340264 -1.23133603759914
-3.79517264738923 3.69633726252595 -0.663445303747614
-4.78378758049638 3.64964943340945 0.00650077962917927
-5.63280649218459 3.32129432517238 0.77842106919561
-6.25166196536775 2.69759274337419 1.58600311797951
-6.57320603647872 1.81839019627352 2.32721250380174
