-6.41683472552248 7.05281241442207 -1.59338556563056
-5.89935210256838 7.68545312726369 -0.811469411913555
-5.26505237487617 8.17409862028796 -0.0125672638944226
-4.53119756324568 8.50568666961573 0.781711023289255
-3.71743659044333 8.67083031593189 1.54981622212828
-2.84557872341987 8.66399995165704 2.27054923039405
-1.9393639212845 8.48374668558144 2.92337610314309
-1.02420448323854 8.13297254520235 3.48879299403394
-0.126861635106116 7.6192448516774 3.9487697439462
0.724993864924673 6.95513542572985 4.28730367719941
1.50340382370126 6.15853623852608 4.49111214352882
2.18100570718997 5.25285877950197 4.55047729638819
2.73225266401192 4.26696480301409 4.46022148039124
3.13501484423219 3.23460814318072 4.22072756023043
3.37252431568044 2.19311191740282 3.8388195284816
3.43546876629869 1.18101020307856 3.32819081128542
3.32379052561114 0.234542549384097 2.7089496392511
3.04743198522153 -0.616632491161016 2.00585446542229
2.62503586507218 -1.35314891643962 1.24516956819058
2.07988272863742 -1.96639287975161 0.451033461111319
1.43382502069146 -2.45312766252121 -0.356592460368287
0.702696724812696 -2.806322565098 -1.16063776250869
-0.102361858929879 -3.01038450354499 -1.94317018742792
-0.968339984888758 -3.04555786820295 -2.6823882544967
-1.8749133522438 -2.89645991155934 -3.35284548152566
-2.79399935245024 -2.55817274761365 -3.9284691826712
-3.6929174146497 -2.03802565168533 -4.38617803055334
-4.53839597078091 -1.35426971457258 -4.70847465281241
-5.29981528691504 -0.533324769410639 -4.8846090944296
-5.95123942063511 0.393220703280746 -4.9105986276202
-6.47237290808477 1.39124077713137 -4.78855918635837
-6.84875818167513 2.42611212728822 -4.52573465809358
-7.07152178305954 3.46416343341395 -4.13347975927375
-7.13690388580173 4.47363640914916 -3.62633449672629
-7.04572393224073 5.42528926568407 -3.02124444051136
-6.80286782944447 6.29276382550633 -2.33693039086292

1.87488764592218 2.89645729996541 -3.35283771433924
2.79397384174884 2.55817316027637 -3.9284629388429
3.69289290682804 2.03802909235333 -4.38617331494947
4.5383732394919 1.35427599717222 -4.70847136983069
5.29979500817003 0.533333573834539 -4.88460705750918
5.95122213836162 -0.393209778962141 -4.91059758261127
6.47235902242784 -1.391228175679 -4.78855883908748
6.84874795182413 -2.42609830381103 -4.52573469995626
7.07151533777825 -3.46414883760392 -4.13347988785195
7.1369012369287 -4.47362147539422 -3.62633443061019
7.04572498832526 -5.42527440825286 -3.02124392874446
6.80287240810422 -6.29274943650752 -2.33692921797681
6.41684256403626 -7.0527988628676 -1.59338355335206
5.89936286674528 -7.68544075812541 -0.811466418517567
5.2650656664909 -8.17408775285329 -0.0125631819835957
4.53121292641512 -8.50567759470685 0.781716269983887
3.71745351733934 -8.67082329167694 1.54982268246202
2.84559665974692 -8.66399519753718 2.27055692962702
1.93938227205361 -8.48374437448839 2.92338504642295
1.02422261957483 -8.132972793305 3.48880316901234
0.126878903140501 -7.61924770610676 3.94878112188124
-0.724978131645068 -6.95514085055293 4.28731621181359
-1.50339028648676 -6.15854410029751 4.49112576693783
-2.18099499720737 -5.25286883493841 4.55049191172487
-2.73224534838943 -4.26697669302158 4.46023695149845
-3.13501138293866 -3.23462139935541 4.22074370017512
-3.37252501166556 -2.19312598853748 3.83883609075043
-3.43547371630669 -1.18102450857115 3.32820749010848
-3.32379958622274 -0.234556560611023 2.70896608736557
-3.0474447764047 0.616619156735477 2.00587033552241
-2.62505183549491 1.35313643465294 1.24518457258426
-2.07990128847556 1.96638126872564 0.451047420961862
-1.43384569247451 2.45311697481708 -0.356579617110885
-0.702719196372924 2.80631308994312 -1.16062606183896
0.102337851211968 3.01037677099656 -1.94315968259487
0.968314831617213 3.04555246684083 -2.68237905381862
