5.75404931218612 -4.85107019892501 -2.73247608564663
5.19852544006103 -5.41175253009251 -3.58174985739273
4.40776517907921 -5.77153753291393 -4.34887679668724
3.44155567337674 -5.90250547949738 -4.97513355483291
2.37375273614008 -5.79465605708965 -5.41266066527013
1.2858603966628 -5.45679717849782 -5.62864268885646
0.259342667314725 -4.91643651930011 -5.6091317516366
-0.634959025403524 -4.21768295488056 -5.36234587786343
-1.35170297216845 -3.41501244843113 -4.9199960405908
-1.88956678163824 -2.56053260897712 -4.33392393558655
-2.30583225885219 -1.68703285463606 -3.66647937792849
-2.70553311695404 -0.802738510748111 -2.97968166420075
-3.18510953583142 0.0867065254656694 -2.32855236944043
-3.77050979992764 0.960495148977853 -1.74733617310405
-4.41384044792916 1.80936598925072 -1.22086789430877
-5.02638543882341 2.6549016061035 -0.682012939398737
-5.51072255568954 3.51655357931516 -0.0613309081904074
-5.78339094402559 4.37982914899481 0.669264993498352
-5.78945756273036 5.19934593218864 1.49213538315271
-5.50854486374053 5.91711226855612 2.35925566250117
-4.95302095887182 6.47779454924029 3.20852944209386
-4.16226068695313 6.83757952321785 3.97565637929874
-3.1960511838026 6.96854747024537 4.60191313603226
-2.12824824964078 6.86069807924406 5.03944025408989
-1.04035589953217 6.52283925826252 5.25542229823017
-0.0138381346654757 5.9824786721598 5.23591139213233
0.880463620421456 5.28372518186733 4.98912555025604
1.59720764140088 4.48105473786213 4.54677572971921
2.13507150162472 3.62657494603075 3.96070361125426
2.55133696641052 2.7530752306738 3.2932590070733
2.95103773956304 1.86878091483161 2.60646122339499
3.43061403257984 0.979335878245161 1.95533184545265
4.0160141746282 0.105547218165904 1.37411557017871
4.65934473481297 -0.743323675173669 0.84764724934261
5.27188968941427 -1.58885933773393 0.308792310034428
5.75622682527329 -2.45051134895884 -0.311889662305472
6.02889527045157 -3.3137869631987 -1.04248549601271
6.03496195614076 -4.13330380258705 -1.86535583391934

-4.0398857440214 1.8725403460522 -5.66987040733454
-5.02394686439416 1.22709937625253 -5.59263910494215
-5.84328138755542 0.469108551987009 -5.21342004573192
-6.41672270109221 -0.330174439149169 -4.56430975184969
-6.6873728816701 -1.09292158721537 -3.70760369627199
-6.62965228648029 -1.74494049030048 -2.72727405354589
-6.25291577054932 -2.22530186318023 -1.71832782642069
-5.60128724874927 -2.49626066836055 -0.7725016519981
-4.74696067586947 -2.55334741264073 0.0418912481992398
-3.77264607618053 -2.43313209372316 0.706103700141872
-2.74570958403412 -2.21231109534066 1.27183536630361
-1.70862478590908 -1.98837863661886 1.84183101899962
-0.698035055596734 -1.8369556714415 2.49261101321661
0.26294061514086 -1.76802669370219 3.2185961189651
1.20467495024909 -1.71612244418807 3.95237900546165
2.18758766763998 -1.58108794074284 4.60281171634475
3.22984686626013 -1.28659650955134 5.07651711869463
4.28539061613928 -0.806498504010757 5.29664946400137
5.26945176012506 -0.16105757224576 5.21941813359009
6.08878629618696 0.596933227251298 4.84019905139544
6.66222760993765 1.39621620831962 4.1910887450156
6.93287777912905 2.15896336176752 3.33438269078384
6.8751571642576 2.81098228574498 2.35405306357318
6.49842062474605 3.29134369415945 1.34510686295215
5.84679207967222 3.56230254725638 0.399280719504378
4.99246548669315 3.61938934754782 -0.415112153781319
4.01815087143708 3.49917408583158 -1.07932459009524
2.99121436968131 3.27835313628703 -1.645056252572
1.95412956953051 3.05442070735867 -2.21505190590293
0.943539842438658 2.90299774527005 -2.86583189814031
-0.0174358240138829 2.83406874269479 -3.59181700111295
-0.959170151254761 2.78216444697323 -4.32559989006455
-1.94208285116573 2.64712988747638 -4.97603261230822
-2.98434202314199 2.35263840049833 -5.44973803515861

0.465736392983345 -5.21633911065473 0.53808135027263
-0.0988371152266207 -5.63221518132582 1.49051208184106
-0.729906341447163 -5.76031085317118 2.48199444024973
-1.38803806863127 -5.56037231734265 3.4435714654552
-2.0191128190949 -5.0322449231932 4.29256702838265
-2.5659284582948 -4.21587728147868 4.95030587317526
-2.97830533551784 -3.18471067885413 5.35610910679028
-3.22117305784838 -2.03396374839162 5.47709909581008
-3.28025646451439 -0.864618475453743 5.31340481533659
-3.16467555315018 0.236305729347013 4.89784865856051
-2.90533950484831 1.21748912390248 4.28877395910203
-2.54812299383191 2.08077068839455 3.55583379876427
-2.1427131853066 2.87833789435051 2.76357015234966
-1.72997955125637 3.67303042523248 1.96074696602823
-1.32816431592987 4.48539876461031 1.17075839550847
-0.921820670563368 5.28057362308379 0.377588236296977
-0.472138979065201 5.98815728560007 -0.462740878061995
0.0521801331353789 6.52237860280982 -1.37939958876178
0.653543156121853 6.80167926141296 -2.35835274778365
1.30427366995694 6.76837467022266 -3.34481147789408
1.95609273123946 6.40176782535208 -4.26055770916338
2.55196401286073 5.72221329841315 -5.02291463877879
3.03705211596089 4.78757738215045 -5.56071183778548
3.36786006640372 3.68393581952062 -5.82621862549879
3.51917589561498 2.51163962345589 -5.80272603449612
3.48832940470752 1.36734990895498 -5.50714601361417
3.29584915403457 0.322925367264093 -4.98643020703844
2.98130836528974 -0.595471318927528 -4.30668955228579
2.59403501372384 -1.41734396283188 -3.5368431735628
2.18091996254577 -2.20730060580234 -2.73446591967528
1.77335363187563 -3.01203224378707 -1.93735346960552
1.37327353019704 -3.8229200683658 -1.15033600248783
0.950394535513998 -4.58448765363834 -0.339213349449457
