7.36986780734788 0.519846783627707 -1.05610441881006
7.33437757404057 1.32775427246585 0.0614007378913218
6.72499658082452 2.06734415066325 1.06671287699014
5.65116289143967 2.6937199186525 1.73353968993731
4.31390312091258 3.21720922230488 1.94826496720312
2.89403646501373 3.68686468834427 1.8176263350969
1.43489735579038 3.96872099921578 1.53249711297275
-0.0119996130760614 3.86948757030413 1.10007385895703
-1.31748065412517 3.3261803267054 0.494322771008432
-2.39029677661927 2.42825000003552 -0.264904331184733
-3.28013489397295 1.32486440544616 -1.07224790520383
-4.04419276420798 0.0851527579054399 -1.75774433301345
-4.72861242726312 -1.23079555804916 -2.14095064920536
-5.25478489483335 -2.57768150596645 -2.05351327068841
-5.50879486609543 -3.8430818639159 -1.5140304507594
-5.44296739488273 -4.89772301513235 -0.637025694643102
-5.07267938038443 -5.64735153696983 0.433339480283075
-4.45972383297076 -6.04789746083341 1.56648064345547
-3.67849791732951 -6.0751168876817 2.6621639604992
-2.79742647665323 -5.70559967816089 3.61365392029275
-1.88914128422955 -4.95082385602555 4.2764162363617
-1.0367645039815 -3.91404061903855 4.50593961353469
-0.311779897064368 -2.78078683029002 4.22111238950629
0.236344740662846 -1.75059689130888 3.43694804973127
0.601571762658985 -0.962502148548628 2.23744073352108
0.833777635321647 -0.373055929455374 0.754762684602
0.963545249832709 0.223217151172531 -0.830693897282162
0.871397017902981 0.906772276237888 -2.30457352909076
0.438419616070124 1.67089361691835 -3.50342311913233
-0.317488861064454 2.52257327177713 -4.3244603520237
-1.32587854305729 3.36348345794193 -4.71481389677523
-2.47668199715681 4.07649697944922 -4.69508033393691
-3.65890839999567 4.59618602236253 -4.32294651396524
-4.77881832692323 4.90970729374277 -3.66141322796256
-5.75603567539254 5.01935050622339 -2.75749102552848
-6.50967817886022 4.91697950814572 -1.65870251174686
-6.96316847794616 4.58431324459109 -0.444315170851049
-7.07193579182547 4.01812827653854 0.764992262327538
-6.84476096996227 3.24652877036063 1.83835800854382
-6.32469840549878 2.32914334366845 2.67380294890416
-5.55500804082009 1.34421591662657 3.2005326893482
-4.57291928613232 0.388229606577307 3.34492425551211
-3.46540996826952 -0.433921060069241 3.02466045911059
-2.39960148842361 -1.07962125229539 2.21244673601888
-1.46767739847734 -1.62391926490215 1.0458488621585
-0.544548954601668 -2.09329026571534 -0.224225685023631
0.55955332771347 -2.37876216676814 -1.36036988227374
1.87369206671118 -2.34283752298507 -2.22387701020258
3.26003486788544 -2.03788651491518 -2.80961748662797
4.64073592641832 -1.59342673025158 -3.00784895335768
5.89139593056702 -1.00250354580901 -2.73854100899271
6.8509140654975 -0.279938649158802 -2.04977423161583

2.90751024468135 5.92575535698418 -0.0603628717178082
1.98680285354881 6.65909803569867 0.496678661717671
0.941740255838904 6.97341567514409 1.16775117640034
-0.136467287106007 6.85115287037616 1.83194738922888
-1.15160756577654 6.31884923900931 2.38068993081362
-2.0114005174541 5.43893783737989 2.71888245490338
-2.63788067595369 4.31170284677427 2.76700561447958
-2.98844955969697 3.06767597688524 2.46945522870549
-3.09989090060268 1.82226532506098 1.82711150495864
-3.05429786664693 0.59890923471503 0.923156855114155
-2.87000694758832 -0.574074685981904 -0.158625079752742
-2.66292672508219 -1.67774120234784 -1.28113603763897
-2.49500930229962 -2.80728122464071 -2.20779556381362
-2.26043869616644 -4.02940190446951 -2.76412933692987
-1.87260963452859 -5.27080456862869 -2.89133343470562
-1.32144311407608 -6.3905930763028 -2.60257180753801
-0.640547598050683 -7.25171812126514 -1.96689998381589
0.117390944970888 -7.75430160390351 -1.09162470837074
0.892428399419503 -7.84820579434042 -0.103865224677411
1.62716085912914 -7.53412939097277 0.868009935815182
2.27180649729561 -6.85379925994234 1.70994350584359
2.78538247898454 -5.8770914996979 2.32932793976112
3.1357508528658 -4.69143008039379 2.65311567082381
3.30554181286667 -3.39777462045894 2.62614962462108
3.31680241387438 -2.09361016197224 2.2239550603294
3.2481164834803 -0.809954297901526 1.51418574726809
3.06026937400035 0.480048087167994 0.65703692613236
2.65597367710533 1.71965258050993 -0.257518700088468
2.0666999208319 2.88694527375158 -1.06801617253447
1.23353057401868 3.94384324849738 -1.57344496095607
0.133035286393328 4.74415117336441 -1.73622015317356
-1.13887882166786 5.14301169548325 -1.59988532319563
-2.42562421201496 5.05786450998134 -1.25483106267735
-3.57076017647862 4.48378637255595 -0.826000241758803
-4.48028142455352 3.50667753891388 -0.4411792838068
-5.13412225281887 2.28864803279487 -0.11219329818932
-5.39623457614317 0.924134139958462 0.208739517296963
-5.15554590256073 -0.492225364844263 0.396264365895493
-4.54411933644671 -1.85204453322751 0.353715967239694
-3.66484611205094 -3.05793927583247 0.185022152194784
-2.58728278687657 -4.0397095843836 -0.021268286251902
-1.32303465865055 -4.66897445964179 -0.196422674903176
0.0520367622834631 -4.89395669905447 -0.381737290907326
1.43835998982129 -4.79306525097704 -0.511148894303719
2.73515269743286 -4.30641255080077 -0.482340921953562
3.79476434708464 -3.39108414066979 -0.369022637050494
4.57279987433624 -2.17229525526545 -0.29428732366498
5.01391891604885 -0.783322157723066 -0.239630676463257
5.03538209827479 0.694662846824634 -0.301938643088675
4.78870578862098 2.16863565386187 -0.417670647127192
4.28296044584066 3.56646786283055 -0.457407916445041
3.65567433118675 4.85133720345767 -0.388029285317667

5.27324313614296 5.83882906778135 2.36116675376745
4.39237475903036 5.57331833156514 3.3596363242553
3.36852541885983 5.02097086209783 4.0635879417362
2.28592907670677 4.25459392579452 4.38102417911218
1.23596117039213 3.37571418318659 4.270411181087
0.313059894676433 2.47643161148064 3.72714525566177
-0.38035198022782 1.64068819618126 2.76193558514635
-0.780337870809942 0.933161626351971 1.43347425454667
-0.928522408609554 0.301004273403419 -0.116367798004694
-0.835792141290439 -0.356893500968368 -1.65998042755421
-0.435764756821643 -1.077883300475 -2.98405481214671
0.242684783311161 -1.92525805186044 -3.94983960276598
1.16441103501261 -2.85661181002171 -4.45937131739925
2.25946288493715 -3.70514267771812 -4.47598391136472
3.41753441551394 -4.31883766501756 -4.06425633591679
4.52599554005345 -4.63291758190623 -3.3317489998979
5.49226273306971 -4.65617196678883 -2.37318784469898
6.22999451370208 -4.40659251051648 -1.25588736680009
6.65660389666376 -3.8958080590402 -0.0650331408400266
6.72854444235578 -3.15359702552295 1.07936268492604
6.45440929591098 -2.24558911686874 2.06578874251457
5.85742747370285 -1.25722028260551 2.81638351029162
4.94926779837101 -0.287263062653967 3.24304034775705
3.79827897881726 0.554390647597227 3.21387633312111
2.59538510243207 1.1894702778906 2.62781259806775
1.53054152562213 1.6667869154069 1.55674557077612
0.552965921153937 2.01551959893578 0.243346453913361
-0.452140804271276 2.17592152528093 -1.08699452377991
-1.59259697526102 2.10331015801841 -2.22021601648505
-2.86891550086927 1.88227660563219 -3.04814873129374
-4.260120548952 1.58580184700176 -3.40745885651609
-5.5938191474844 1.12682641513094 -3.22860863922767
-6.66340042367243 0.489288447128096 -2.59898468154767
-7.34964029971501 -0.27143536505607 -1.67076957440468
-7.59619601620486 -1.07166499370035 -0.576881038612959
-7.37010623907076 -1.82740286655236 0.554666764305618
-6.6719077505754 -2.46348382125962 1.56891588613945
-5.56974913365244 -2.93499346333483 2.29230215668825
-4.20494751545386 -3.23753620971012 2.5892143686379
-2.73772651009047 -3.43275695550666 2.44763426143586
-1.24883073840581 -3.52290953915763 2.06169530923604
0.172668861147845 -3.24124276485646 1.51049238561557
1.34644665048953 -2.54875175545376 0.698216051287833
2.23369397462429 -1.58944423113916 -0.307662389010061
2.92907551464293 -0.512222264290907 -1.36282198115976
3.59817340094091 0.575799630554086 -2.27972377780187
4.38214363601463 1.69922093111485 -2.80581145700798
5.20606172458176 2.84454159018806 -2.80456873306778
5.90044033455873 3.91912233050892 -2.26839047456008
6.29469601670655 4.81573898545633 -1.30110686781994
6.30057602334413 5.45235980154388 -0.0895781954432759
5.93523869878817 5.79651851285478 1.17638241450549
