3.06131419156828 -1.59904955613685 -2.44441124020772
2.23042602627215 -2.21974240731485 -3.12891466122363
1.40886673094183 -2.87363493220663 -3.77424206746473
0.495857121942438 -3.52863627524293 -4.26167241292586
-0.55374084307549 -4.1226648627402 -4.46591713295201
-1.68207046974757 -4.56964052172193 -4.30206488239866
-2.75898429708996 -4.78760720083752 -3.75580777492748
-3.63109896387774 -4.72451343540332 -2.89135987593205
-4.16724100979717 -4.37483437282879 -1.8390937839804
-4.29597906447512 -3.78545528816808 -0.76362609342208
-4.03036524546395 -3.04548155001455 0.188436688374752
-3.46956564623589 -2.25296736566711 0.95784811277118
-2.76152581357634 -1.4725663871094 1.61917716436605
-2.02431817980412 -0.738015596552018 2.29760401925333
-1.28270408651981 -0.0729796262110656 3.02308018872782
-0.485219489950696 0.522781734235487 3.73168919346802
0.434470022706215 1.05312569665248 4.32648506382367
1.50297960481686 1.4950844277093 4.7049080871982
2.67976386154757 1.80263300719121 4.77739300292294
3.85985264290262 1.9292993433012 4.49206015338631
4.90012569155756 1.84957127093139 3.85476776579841
5.65728820009577 1.57104534644919 2.93456901293319
6.02609332506883 1.13509397377932 1.85170171901819
5.96829549970191 0.606102829879172 0.749448293810925
5.52447624781736 0.0505861794446839 -0.246671438135943
4.80227363311546 -0.491076315517985 -1.07617383191496
3.93997953428792 -1.02771377877856 -1.77610820065375

-2.32414827633382 -1.53054857442701 -2.47403900015072
-1.63347063694257 -2.35657284945184 -1.86133206923117
-1.1475409272216 -3.38166319984773 -1.31590373450213
-0.855319268939791 -4.51609395294519 -0.891433109443938
-0.621007394496328 -5.64621828296869 -0.491916358188257
-0.269476120235608 -6.67031304670648 0.0321916576957798
0.278061056180454 -7.46768311288262 0.732297522374663
0.999249673904967 -7.92572251726707 1.56014586045735
1.81604581182011 -7.98011454675131 2.41980498261481
2.63004497772997 -7.62474462204334 3.20518329649949
3.34340296110513 -6.90570240877095 3.8204535957854
3.87182113271248 -5.91163370083994 4.19175999155312
4.15528000551971 -4.76238459503911 4.27626388814961
4.16990371340096 -3.59111240744858 4.07103457990457
3.94078286474201 -2.50955165726124 3.61943675387488
3.54953318845421 -1.54793767586411 3.00633329155442
3.12719141940204 -0.609674152637307 2.33946628449877
2.81821151999749 0.430773248952427 1.72649846648412
2.71003367701628 1.56604312861928 1.2296876197117
2.75847903406848 2.71476388469566 0.81540417666502
2.78990790886051 3.83358276960962 0.372665091109837
2.6275578020955 4.87785613256479 -0.183282759745061
2.18005275100824 5.75672173589848 -0.850308377165232
1.44445467675629 6.36644835396674 -1.55898748246725
0.482760210752687 6.63104612364511 -2.20780856603775
-0.60193302842802 6.52306124663636 -2.6889582200787
-1.68704837308481 6.07311989852526 -2.90776393954699
-2.65666201580299 5.37217196039698 -2.80225184104946
-3.44056726606919 4.55777219713982 -2.36434978418676
-4.05712935925187 3.76860624021802 -1.65420656168209
-4.59166447824149 3.08184894797418 -0.784595778965822
-5.08514667130038 2.4925155404001 0.151640934377809
-5.50489507299786 1.93404682926834 1.11755839693428
-5.78921446550997 1.32474035105621 2.08994601720562
-5.87663377433389 0.614484730268774 3.0265603720762
-5.72269652667895 -0.199549915193196 3.86397740413043
-5.31076746024836 -1.07918587388426 4.53093278757482
-4.65654383253725 -1.95909253876925 4.96411903797103
-3.80670187699091 -2.76238549578614 5.12119895301162
-2.83223599928274 -3.41702034164909 4.98982172259288
-1.81564253562984 -3.8737144026382 4.59175579824503
-0.829602280301595 -4.12565233189562 3.97948623833559
0.092390329126328 -4.22559083564027 3.22170520886999
0.974036037455285 -4.28216160533086 2.38378951095002
1.85852169961205 -4.4033430764286 1.52478407851796
2.74195725021849 -4.61371138539674 0.690101582184509
3.59294841270912 -4.83677207973378 -0.140341513221023
4.3809053183624 -4.9454144926347 -1.02972805476685
5.05647045654968 -4.83396263493144 -1.9976559197123
5.55624250133293 -4.45336482595261 -2.99915953123956
5.82581364512297 -3.8117649351653 -3.95250179810357
5.83507208200645 -2.96110997233035 -4.76893602005291
5.58301484424486 -1.9809312278867 -5.3722350875075
5.09628315643582 -0.963049617663501 -5.70975506763895
4.42419214339951 0.00241759383981866 -5.75784827853277
3.63122723520122 0.84031828840747 -5.52293446059134
2.78714420396928 1.50337537566365 -5.03805845049791
1.95508828493422 1.98427388712188 -4.35398873720049
1.1800218995244 2.32470616804722 -3.52520824491894
0.483308544988115 2.61536130903664 -2.59775076164164
-0.132410923134973 2.97497748509203 -1.61577897172324
-0.687994639422664 3.49926681810917 -0.651751955030211
-1.26397798862683 4.20002180861369 0.180540125415788
-1.97645420036773 4.99354520881748 0.767763200198723
-2.87600366249138 5.74620950559324 1.03662861188276
-3.91788097434761 6.32468914544773 0.965638905482848
-4.99997219391955 6.63217433551669 0.584713390591957
-6.00630700465119 6.62258576540443 -0.0382256298537992
-6.83419596272271 6.29708404638451 -0.814694893121247
-7.40701051354577 5.69372348702307 -1.64993226759233
-7.67892230022519 4.87644714754063 -2.45300689425396
-7.63587997268778 3.92495001096792 -3.14416092014353
-7.29450416860481 2.92477145582697 -3.66074140462375
-6.69879200627881 1.95650441761956 -3.96214828968636
-5.91370509063093 1.08339923955936 -4.03312007831135
-5.01497778185836 0.337466722658474 -3.88376710976867
-4.07639791939775 -0.294445386514492 -3.54468183474044
-3.16056279066234 -0.879690293331992 -3.05813231649114
