3.2113514402948 1.20148495783755 1.21934980326688
1.84562433912419 1.4863549723855 1.37476649195466
0.595946493967236 1.28910813513639 0.595946814499607
-0.175374188790896 1.24247874938224 -0.851254404394322
-1.22865390454456 1.78019490863662 -1.76209843292779
-2.50037399357681 2.36232974959218 -1.64720378262183
-3.45901939733382 2.55134188768323 -0.677972033663838
-3.70827159104531 2.19030185104861 0.619707053239817
-3.16993636954797 1.38955340150894 1.60110090462345
-2.13764593147594 0.448342666213918 1.73471430889834
-1.22016442836484 -0.316951880987502 0.839881576300111
-0.944670053098408 -1.05570531263229 -0.59881487523649
-0.62799551797679 -2.28857934918315 -1.36490884484885
0.167142616129525 -3.43241135587541 -1.19193637496023
1.19299040024688 -3.84305186671256 -0.364502908752441
2.02139850683288 -3.29442068586307 0.593612489604914
2.31834260050301 -2.01859902574912 1.09617682646343
2.10164841008621 -0.607500414839491 0.692016814897942
2.01527453115488 0.603716983261744 -0.41898128090173
1.78139449351851 2.01871451925696 -0.835845862602752
0.826013177850743 3.02328696310017 -0.528037186499953
-0.481437956122104 3.01507980637176 0.0211187915839975
-1.55392445883822 1.99459427151432 0.200269998503241
-2.44009305080372 0.648972197516956 -0.232753965852097
-2.96107444706064 -0.736152671371655 -0.0491220986758118
-2.46286030072614 -1.93821384247473 0.514703866256891
-1.16794959552335 -2.42146984166077 0.840794864510879
0.230248799082001 -2.08555568249974 0.437189976839486
1.39104142918233 -1.69892895446331 -0.663675611853267
2.77877922553938 -1.34863468480757 -1.05480054078077
3.83066962242681 -0.571961834034437 -0.54610270151714
4.00022909364687 0.412281138643469 0.406659932448403
