2.63588502133893 0.172435837224659 0.442050192689878
1.6525048193396 1.36300656097157 0.167981151884128
0.596898439678608 1.90601611560977 -1.02378082977635
0.102068187388526 3.04889213312428 -1.90368589695335
-0.253422535603363 4.41098786209576 -1.69885539201002
-0.533796338963837 5.22505500389415 -0.608653532268889
-0.714675374113799 5.09538166105273 0.75312708822076
-0.808027460572038 4.09355182058176 1.70470026514371
-0.899121191179616 2.685001928484 1.75535400491804
-1.16395216485113 1.53092698977684 0.83319752941415
-1.91010464218319 0.833169685738688 -0.401590918348107
-2.77292010346029 -0.256268213597279 -0.928313201990928
-2.91939958657353 -1.66996034098702 -0.738584587549682
-2.07202660540718 -2.73996319674003 -0.272527916243964
-0.570873335240365 -3.02055983475636 -0.172680403780533
1.01510913122043 -3.24080317373137 -0.579876240872179
2.40292125122342 -3.48700711703455 -0.0601658575521932
3.10674955298304 -3.1034714467959 1.14251054496779
2.85391649417116 -2.11202787471786 2.15028397892231
1.89553371549187 -1.0168690053213 2.20891153891602
1.02775457150225 -0.396186921003792 1.10487632254803
1.17793019545481 -0.164478788034753 -0.556542866211812
2.0519304216531 0.664972357366377 -1.53586821312827
2.50318691553733 2.05807284954413 -1.47283498976487
1.99101721377587 3.19066825420354 -0.717096405995365
0.662583339240568 3.45159163566894 -0.0544759681341252
-0.987328437386003 3.22314623302637 -0.146175916380494
-2.4352554762163 2.94057505523904 0.171519786388661
-3.21119794846775 2.0022628710101 0.890915330380051
-3.06446117731495 0.699515392500908 1.37680408494128
-2.19464647647432 -0.407746690411586 1.17369885975316
-1.24130145976991 -0.967014125205197 0.132065769785916
-0.858033701463042 -1.51454563611354 -1.32031069711056
-0.774427554878602 -2.72062384648097 -2.14067479703899
-0.653702286270059 -4.10047069629127 -1.93943030413697
-0.358275415584549 -4.97188733596905 -0.906014914125732
0.100760767555861 -4.90616071391629 0.40200979942843
0.627600035405801 -3.91024934921404 1.26071277182818
1.21706383482073 -2.52300811604841 1.09616108339879
2.28732355484651 -1.36592782474788 0.411259745839698
