-0.9955567932936 -7.42764677754086 12.8930693898778
-1.75605250201956 -6.96601737968308 12.1166994072745
-1.65523582730153 -6.37899493668341 11.0971673199877
-0.752164428734277 -6.01045029003665 10.4317030443958
0.424153571053808 -6.07627089341532 10.5101248273472
1.18464929820348 -6.53790023242314 11.2864947073714
1.08383273907279 -7.12492268771842 12.3060268124656
0.180761326088725 -7.49346739405004 12.971491191961

-14.6832952365497 4.83053613586977 -7.92170105494093
-14.0019655614289 4.33947077549202 -7.09173116174417
-12.8384008447419 4.22427550056576 -6.92725510902546
-11.8742033737654 4.55242951312103 -7.52461959482551
-11.6741847204927 5.1317043929818 -8.53389623900167
-12.3555142758645 5.62276976377491 -9.36386615398266
-13.5190790167914 5.73796509956298 -9.52834231127179
-14.4832766026232 5.40981107498377 -8.9309778010502

12.4150869568625 3.85896452429609 -7.05835825815029
13.5659959889871 3.71228317776913 -6.83904431893087
14.5659516355883 4.01314745459761 -7.39020168340608
14.8291916708427 4.58531450706292 -8.38896868982469
14.2015157774908 5.0936164542596 -9.25028092113667
13.0506066470481 5.24029776747124 -9.46959479958622
12.0506510692331 4.93943344290524 -8.91843735454392
11.7874111359263 4.36726642197447 -7.91967040592075
