-0.799413206680055 -7.69253112601525 0.336225768252052
-1.67585287605448 -7.30455329770656 0.980030468042485
-2.46056541915902 -6.64993296345172 1.51868159181348
-3.11178708241519 -5.77386417425304 1.89946443175847
-3.59928307862284 -4.73954131288234 2.07917866502531
-3.91065826380778 -3.62372690040064 2.02967133224412
-4.05825717279378 -2.50652136471999 1.74414866540337
-4.0836008016799 -1.45297515011058 1.24256463578895
-4.05236609747007 -0.489270807661236 0.573810537659822
-4.03046324115988 0.41141807713563 -0.186381909565319
-4.044817419322 1.31388012234828 -0.944505744634114
-4.06289801357342 2.28133644276671 -1.60800156441064
-4.01587084910011 3.3369600678823 -2.10332127563392
-3.83830416724535 4.45098979325022 -2.38390823437518
-3.49104986278594 5.55622807272898 -2.4316657898827
-2.96509666461081 6.57200764083432 -2.25453254092967
-2.27633640796972 7.42219948741445 -1.88110317559722
-1.45822554212055 8.04501576234384 -1.35445079098826
-0.555267896510645 8.39712135183576 -0.726755914858676
0.382015611399097 8.45481744116962 -0.0552144874778938
1.30093769438176 8.21414853406272 0.601023601559814
2.14996478167192 7.69085546629535 1.18344485187367
2.88223734085654 6.92032916459998 1.63694187457882
3.45998082918078 5.95699251417144 1.91338454664605
3.86028206363533 4.87169136016574 1.97642882968735
4.08205892873492 3.74470992207128 1.80749364132697
4.15246099658056 2.6515298465627 1.41185569615954
4.12774626006097 1.64065236653015 0.82276060303077
4.0795661270505 0.711912780681069 0.101909705045448
4.06068795367005 -0.184325340117401 -0.664874272645917
4.06959133896484 -1.11714253690213 -1.38145213060605
4.0520831283247 -2.13268226730476 -1.96194124373832
3.93811683566941 -3.22647051321216 -2.34463946734241
3.67490746861015 -4.34669272599683 -2.49666939412004
3.2390059102184 -5.41663110832729 -2.41354695443316
2.63445511269529 -6.35642689679262 -2.11489648254099
1.8860640615978 -7.09668231482878 -1.63819976892738
1.03245180784129 -7.58495416027683 -1.03273636875433
0.120401886468886 -7.78806060701657 -0.354735229609184

-6.32600512399372 -2.4160844447413 -2.87393153881733
-5.25132931382143 -2.80773843818594 -3.06453002382515
-4.11671716916574 -3.04608312816571 -2.99790714569637
-3.00400551586707 -3.14379703713838 -2.67156336297373
-1.98106979646955 -3.13733271305192 -2.10960996800622
-1.07992850696437 -3.08399433088036 -1.36239012791909
-0.279006993557319 -3.0466796175284 -0.501274174405871
0.492425316561828 -3.06521754972929 0.389045395402301
1.32048296625031 -3.13224348902772 1.2201848798528
2.26275189176474 -3.19831324860732 1.91080435532573
3.32297070945259 -3.20016005927636 2.39565507043063
4.45553763092279 -3.0856770519032 2.63280510277225
5.58620872526101 -2.82480116372891 2.60741184881111
6.63263152391851 -2.41022352455746 2.33040180159214
7.51840665260585 -1.8535949940322 1.83373361509418
8.18095269492528 -1.18064239310743 1.16472929592092
8.57525791541645 -0.426657240995922 0.380908765244338
8.6753969058646 0.367275757915621 -0.45426941726566
8.47502864581643 1.15743987771748 -1.27492123183436
7.9874905391052 1.90035079811237 -2.01588660150617
7.24562842815397 2.55569023152332 -2.61595654152638
6.30106694965497 3.08967256263406 -3.02160377808054
5.22211061353971 3.47913740382136 -3.19153127271172
4.08881994408854 3.71641089508089 -3.10202066254913
2.98320458369155 3.81432550467869 -2.75232356350573
1.97270491958504 3.80940422704749 -2.16819080017911
1.08824135600089 3.75891103025712 -1.40101051247879
0.306563192430707 3.72555149490837 -0.522128436634223
-0.445083771589955 3.74876705083428 0.384934296069023
-1.25485999695789 3.82064945373162 1.23355102530291
-2.18211865182397 3.89119362524922 1.94379006510031
-3.23191415121319 3.8966701759893 2.4507868780111
-4.35942539790591 3.78465392183476 2.71194394067694
-5.49062796187191 3.52491797126502 2.71108305372578
-6.54287987131859 3.11013249697691 2.45753834024828
-7.43908917767105 2.55204440072831 1.98171265589548
-8.11569424598618 1.87656334049822 1.32957811562837
-8.52651412800813 1.11922288869467 0.557595909331796
-8.64434103687043 0.321386802436445 -0.271502839523561
-8.46149661397159 -0.4729291303516 -1.09220867094257
-7.98997603315256 -1.21993474223667 -1.83936556218968
-7.26133069261423 -1.87901036237854 -2.45137925482376
