-5.45358307690471 -0.349301395960585 -5.76696334622407
-4.3810676479448 -0.465831888768875 -5.25646465586244
-3.52968194529484 -0.523302655758259 -4.41439097990383
-2.98633391452746 -0.553070498335122 -3.3367611734459
-2.77377446140771 -0.599708952047953 -2.13791784538888
-2.84644097327186 -0.704974871902048 -0.917571741313438
-3.11015015637524 -0.872128238862761 0.266549508294379
-3.44016901725255 -1.04363122046729 1.42135365357346
-3.69502294375876 -1.13615857659555 2.59318267331402
-3.74660421510522 -1.08952679182419 3.78801218043536
-3.51267503960454 -0.88171126888143 4.9400605326368
-2.97306076237129 -0.524115230879559 5.94103344175699
-2.16647669480042 -0.0529706632525539 6.67994077854505
-1.17619748291452 0.479651603717239 7.07090273731403
-0.112670399487078 1.01415704114381 7.06805170087075
0.903706817290198 1.49080709860393 6.67169707747622
1.75966538611381 1.85652282807027 5.92847014952707
2.36701153206987 2.0715421884292 4.92530679594023
2.68153443495027 2.1158712675104 3.77424057399788
2.71956480892116 1.99464979509977 2.58361332047004
2.56340493658084 1.7415268972078 1.41716384560208
2.34548277796627 1.41920319779159 0.266539399903494
2.21100619157161 1.10590992738094 -0.910600585536705
2.28164249679688 0.854499369554726 -2.10903649373133
2.64087192237075 0.665056274953075 -3.25645396758704
3.31751834705204 0.508017619493744 -4.24240509721356
4.27054605807346 0.354209870194101 -4.95186950922658
5.39927801518987 0.184832210965739 -5.29876052798011
6.57197682002178 -0.00852091937633004 -5.24519178463616
7.65288113239635 -0.226199946405616 -4.80343153608848
8.52046174868297 -0.463021752683554 -4.02904591566462
9.07867809550037 -0.710501587308122 -3.01173086138002
9.26436972756743 -0.958832287192936 -1.86602356731682
9.05284440115344 -1.19879580536864 -0.721748120117968
8.46246562106437 -1.42384849490567 0.287127448690368
7.55734702295863 -1.63268243500323 1.0375336799415
6.44388693365548 -1.83260771057294 1.43897358191885
5.25171765095417 -2.04398354316492 1.46163294019077
4.09140028334266 -2.30432566042589 1.16066781858586
3.01032456708139 -2.65913045261593 0.673634392116764
1.9943933024121 -3.11801919319548 0.158612433625859
0.999935402498617 -3.62855653275394 -0.295616900572937
-0.0244680226414743 -4.10407200964093 -0.674578126259687
-1.11255196402621 -4.45034184948982 -0.990902161897223
-2.25934484123399 -4.57889039993608 -1.2557153306079
-3.41408901911525 -4.41937010936685 -1.47345776834858
-4.48641800331858 -3.93501877501317 -1.64707399486931
-5.36483974064369 -3.13770494876974 -1.78620117156932
-5.94930465393331 -2.09529268237952 -1.91541255454543
-6.19993439698174 -0.917607987628105 -2.07822847951238
-6.18957135938728 0.293972014765943 -2.32076700636712
-6.09301125159755 1.5023420511327 -2.62023647638408
-6.03450537073924 2.71999685498799 -2.81949777627761
-5.99215978551308 3.93137027761907 -2.73685047275986
-5.88735138403114 5.04645281769337 -2.29823293193869
-5.66243654602309 5.94399910659837 -1.53990758791221
-5.2968713265825 6.52477569008827 -0.564564334814398
-4.80157341439427 6.7337458772264 0.497437544392554
-4.20959807941088 6.56345713834748 1.51444037810233
-3.56700081795587 6.05015469011139 2.37226395262987
-2.92321748031437 5.26552975009492 2.99056986203922
-2.31918601751444 4.30180162305392 3.33939725483987
-1.77259299245644 3.24639522028352 3.45407206916604
-1.26678762770779 2.15176492663804 3.43819561810929
-0.765560675783113 1.03208871603785 3.43118114862183
-0.260077148568227 -0.0955393133786441 3.52994882034844
0.231861930490433 -1.20048638670736 3.72941093639699
0.730697449019698 -2.27925117533873 3.92955157543343
1.28578499486613 -3.33413855749542 3.99455666719636
1.92192272370523 -4.32398485457497 3.8193386081066
2.62341897816447 -5.16563954863651 3.35892998800683
3.3458622729821 -5.76449169259985 2.62963118395954
4.03207553113496 -6.04089182031466 1.69868088787298
4.62535252635876 -5.94655944484636 0.670930729903197
5.08053888520749 -5.4745333607233 -0.325390265658132
5.37496010320944 -4.66511187414245 -1.1560504642839
5.5202765983245 -3.60527396798769 -1.70684557225401
5.57155874703326 -2.41042695194503 -1.92473762867416
5.61391747539499 -1.17629787052725 -1.86923892468038
5.68180843496189 0.0612974955050939 -1.71845950398259
5.66107597560172 1.29316430483107 -1.63631953638337
5.38201292824313 2.47499278875998 -1.65173086867463
4.77332900485235 3.50951889330814 -1.71180397478183
3.87451740206983 4.29479438150736 -1.75650799170485
2.7843502517214 4.770244979873 -1.74454885682113
1.61250653633387 4.92929963078686 -1.65520835886278
0.44690565136894 4.8122085731176 -1.48214412231773
-0.664995596877312 4.49176933574508 -1.22511458282615
-1.7221383806808 4.05858385937082 -0.883806999770883
-2.76103819275285 3.60800234944684 -0.461942973394627
-3.83072061827595 3.22230220611941 0.00603510566033123
-4.96333005202201 2.93694621646023 0.414935176499931
-6.15346683093262 2.7172170766759 0.607150158457188
-7.3352408288011 2.50061553331598 0.463227769037213
-8.39039161986733 2.24529416362734 -0.0479317154181581
-9.19397720467721 1.93693643433652 -0.875390925851518
-9.6523796890819 1.58119233048245 -1.91475503623085
-9.717856418563 1.19580215577637 -3.0368328184934
-9.38915007677361 0.804628827382544 -4.10832088706849
-8.70712117037185 0.433300119906976 -5.00567243271031
-7.74900549516562 0.105762525176963 -5.62522337772581
-6.62177751277306 -0.158832566854505 -5.89180855436897
