-1.13733409461353 -6.20113517187489 -0.706363425758057
-2.09336137900075 -5.40801973904632 -0.791169587803161
-2.98088615528693 -4.58496730463327 -0.962164976860798
-3.72136127416368 -3.62464984923096 -1.07299676397411
-4.25591226943507 -2.52786520991189 -0.990645558277964
-4.59408913448612 -1.39611945122687 -0.633107827516485
-4.85562223492485 -0.345034816760605 -0.0107811695175337
-5.22006378917665 0.599153422939682 0.735136377533411
-5.77291601617021 1.52002541388751 1.37128132646384
-6.44099289272327 2.5029692501829 1.69864431375794
-7.07361301889722 3.54461965270166 1.6232439151972
-7.52497261933062 4.56769210292079 1.15125352223891
-7.69242145384172 5.46923963666379 0.362855480865581
-7.52718354555282 6.15486394413193 -0.61625713926254
-7.03249906352846 6.55683357279555 -1.6392421851398
-6.25702943192022 6.6429528637755 -2.55752262216182
-5.28621772573439 6.42064871881591 -3.23697426871293
-4.231672208431 5.93795815364017 -3.57257979128325
-3.21732109605702 5.28116133506591 -3.50236951840783
-2.36019434832337 4.56695745187996 -3.01970931672995
-1.74437325160962 3.9255380291568 -2.17889861924116
-1.39350549700198 3.4742008096124 -1.08405764465789
-1.26144207539933 3.29558551530443 0.141075284113509
-1.25567777328938 3.43974639872323 1.37822969422967
-1.26813579396177 3.92940658609909 2.51321204186546
-1.19580321392954 4.7374396061936 3.43095012284292
-0.963157493504119 5.76931986737531 4.03181995958878
-0.536883557219129 6.8805881540424 4.2564201019173
0.0744366923213591 7.91056263417844 4.09833277574239
0.829199705098848 8.71115376426688 3.60310902560592
1.66384609530194 9.16638426383927 2.86051146945564
2.50415998575133 9.20580138259572 1.99434120858214
3.27781258254954 8.81505118474387 1.14982364351801
3.93089568749941 8.04389891067566 0.474770684194222
4.45157758193325 7.00517339904673 0.0867849993223851
4.8961060184633 5.84620332951617 0.0174200091047218
5.36795823306894 4.67971176497591 0.14504219261074
5.86498136030039 3.52008675673963 0.230185293643016
6.19620527012369 2.32275710784552 0.1365119207412
6.16895370652659 1.1074823292403 -0.0711036314784996
5.73121907764315 -0.0308709602474628 -0.231698827623107
4.97776027310105 -1.00793368319523 -0.191519940496608
4.09566760697261 -1.82536517692902 0.128541933102078
3.271402524014 -2.58097821778396 0.688053031200928
2.58626265768721 -3.37547016613534 1.34871870035947
1.99324723779461 -4.24048313422289 1.97235917978531
1.40062708194314 -5.16709938051832 2.46574821167927
0.748570902444346 -6.12949094609677 2.75819464955833
0.0275930708758183 -7.08423415381375 2.78682060815083
-0.728771990706068 -7.96802780140233 2.50475549034744
-1.45549081233359 -8.70228112286452 1.89788065803748
-2.06963902556043 -9.20553604398335 0.998376349381284
-2.48576133768048 -9.40994751119507 -0.110670531360163
-2.63115546150435 -9.27771117235338 -1.29976590454429
-2.46017030060823 -8.81616032251971 -2.40510543204519
-1.96755515765565 -8.09158276737797 -3.25021958746016
-1.19772029244731 -7.23749051577065 -3.68495580819461
-0.235822590970375 -6.43957070184636 -3.64998548580118
0.836436487703772 -5.86490066332531 -3.24946178822396
1.95879179590961 -5.5627246961791 -2.71130660607777
3.05844672055146 -5.48089973757414 -2.13756774690914
4.07997004459312 -5.48121788344351 -1.47770584206998
4.97405386568987 -5.39637580882331 -0.673777224861019
5.67154416186123 -5.10931144359839 0.262563127391039
6.09965733830273 -4.57329404547281 1.24952932482606
6.21131984574101 -3.80291071413365 2.16608914711696
6.00263739414082 -2.85872213216265 2.88306712705969
5.51882899484878 -1.83093458936636 3.2880419685903
4.85224736076232 -0.821693414239731 3.30575296623345
4.13227320449819 0.0763678618694693 2.91510231418917
3.5036594563914 0.806479611680606 2.1590674091565
3.09333693082798 1.37136543546215 1.13857221914053
2.98154771055092 1.83225603504507 -0.0124084063757404
3.2014228587516 2.2728191312714 -1.15256595529348
3.75030119849701 2.75813307963621 -2.14067577607061
4.57650946230057 3.31449280355019 -2.84199930051038
5.57090789306422 3.92878960019173 -3.15462247872166
6.58951145189182 4.5609046865066 -3.03517208661712
7.48591542734678 5.15952737951869 -2.50423655008422
8.13518092305944 5.67458303197766 -1.63668965081682
8.44755796112811 6.0654272491865 -0.547073572698882
8.37567415499717 6.30621902864388 0.625404397160949
7.9179019370604 6.38970990399218 1.73163260758131
7.11892061160297 6.33012131343324 2.62794421512367
6.06683200366237 6.16528938217108 3.19353975295406
4.88357643409212 5.95751461503949 3.35164572198568
3.70119685428785 5.79106525382463 3.09425810628952
2.61454792502889 5.76076072732864 2.50450163583806
1.62002994851369 5.93347376450133 1.76158663021815
0.610130877323542 6.25888422796958 1.08892773245054
-0.512063151240477 6.52810624193166 0.62250573578906
-1.7148392354135 6.5080747244064 0.343230346535971
-2.85746832400618 6.09189421517025 0.132894469131688
-3.80838050720898 5.34308766792172 -0.154558138350809
-4.57610028663496 4.45152482668278 -0.614757023197827
-5.32559099112852 3.59403777788297 -1.17559940204787
-6.17149482437077 2.77886778638494 -1.59993741413008
-7.04582577641154 1.92226787132525 -1.69324025515932
-7.78586936159188 1.00293402274718 -1.40193875721275
-8.24071274530241 0.0699692184504211 -0.781396919854735
-8.31726432640853 -0.799191450651084 0.0510014526597052
-7.98782691777879 -1.5282750867857 0.951191979477625
-7.2841199575115 -2.05838381102276 1.77207431980723
-6.28771788503011 -2.35769244955513 2.38068206603503
-5.11796590240269 -2.42810157278101 2.67327481720207
-3.91473419763744 -2.3088124633495 2.59005852756154
-2.81281982524952 -2.07362253048222 2.12753883588361
-1.90836767380189 -1.81671403628019 1.34195808878256
-1.22773458380227 -1.62507084174291 0.334716420368594
-0.721869193633814 -1.5501149991838 -0.782584499844925
-0.300988332633524 -1.60679093921042 -1.92531888313764
0.114903387527758 -1.80621282327735 -3.04248173640122
0.568355834476301 -2.1798642955377 -4.09123927401252
1.06303339467513 -2.76769418081719 -5.01240572358546
1.57074694736533 -3.58719961461213 -5.7256248439825
2.0409378414369 -4.60884976397291 -6.14421055986459
2.41284837757112 -5.75004073912495 -6.1994821392642
2.6283314588818 -6.88541876879543 -5.86261449324573
2.64283515034277 -7.86590612988699 -5.15885798268429
2.43394531005685 -8.5420538559104 -4.1750261830226
2.00748681949283 -8.79340562398949 -3.0604955554304
1.39811900110865 -8.56817125826564 -2.01402250671787
0.654071114316638 -7.92822364039234 -1.23534803920938
-0.197936262169389 -7.0639134547653 -0.822019064494245
