-3.83998899428776 -1.6455411321884 0.507520343626328
-3.02310378676581 -2.53523095281334 0.391349020154471
-2.14752753518393 -3.40864473227105 0.257343812303463
-1.28027952365032 -4.32372787125823 0.0554320575389419
-0.426322164066343 -5.16886966240133 -0.346320791071455
0.459861679531324 -5.72812912242356 -1.00673732756146
1.35604800647134 -5.85092325084095 -1.8270011322373
2.17670397354214 -5.50556860672824 -2.64793610451801
2.83232677688562 -4.75781432871478 -3.32786413384963
3.26157557642716 -3.7286030890641 -3.77200023518706
3.44094667856491 -2.55644452936478 -3.93677958342641
3.3839241386489 -1.36813685984011 -3.82370649437071
3.13481953567847 -0.255761782697666 -3.46746978047145
2.75943502878324 0.739964271636402 -2.91970004988856
2.33477310383456 1.63704297278345 -2.2325972714085
1.93714232359399 2.50452228454353 -1.45525230386963
1.61366185647137 3.42880434981208 -0.663397818309585
1.32202577124662 4.46111227941008 0.000643531917886538
0.936925320451078 5.57646476893311 0.381025342263375
0.375850848235413 6.66110860666946 0.392131142714301
-0.353842522915585 7.55869596372944 0.0344584658055615
-1.18507027797137 8.1339794451277 -0.621362546866931
-2.02605536590874 8.30555187198471 -1.46237683856256
-2.78324880982652 8.05164921245616 -2.35789951825373
-3.37493460650261 7.40548798287474 -3.17684759066967
-3.74016594623636 6.44785199430894 -3.80035469672011
-3.84583196308203 5.29840721884814 -4.13250376806553
-3.69299958126764 4.10439440364342 -4.1109177563857
-3.32208126044396 3.02323547113693 -3.71751609877865
-2.8134055338483 2.19371090632689 -2.98626131119442
-2.27532474338601 1.69429196621197 -1.99781441692042
-1.8133359391238 1.50941618609389 -0.852822439452966
-1.48174645696554 1.54536218161889 0.355854179300036
-1.2268405478947 1.67822945032777 1.56198378962874
-0.903520728893081 1.77036006913339 2.73739445119136
-0.395762716141134 1.69478108098888 3.83573293103772
0.316610841490158 1.375993024827 4.75728442786512
1.17376882627265 0.807388275564227 5.38553183323234
2.0709245701141 0.0426794242787463 5.63118986909426
2.88835508083834 -0.823525834422981 5.4557240495309
3.51358088991702 -1.67592862970189 4.87881568512139
3.85823362332617 -2.39761751084313 3.97684966585814
3.87224108968472 -2.89000641802906 2.87433285861158
3.55547397085587 -3.09668020398287 1.72386118595271
2.96069842432777 -3.03253590998647 0.662959920730147
2.17350440354967 -2.81046207952664 -0.259722326194181
1.27807690410691 -2.63035880631294 -1.11988652167719
0.337288363688518 -2.67857540968767 -1.96486994628809
-0.638725279386337 -3.03674404936352 -2.66179607960511
-1.63566812196538 -3.66473327103794 -3.02213797993976
-2.57391453235237 -4.43840350386918 -2.93935255699457
-3.34704724490732 -5.20701940233633 -2.41251889935814
-3.86685876894246 -5.83456365315627 -1.52376793829186
-4.08259746464779 -6.22080762659033 -0.405464842444104
-3.98446284177133 -6.30850256737242 0.788058500248954
-3.60073288267737 -6.08398223072298 1.90243648197453
-2.99186043855373 -5.57465545833619 2.80174455359653
-2.24105783644843 -4.84339378060193 3.38612041774165
-1.43869938464168 -3.97740248564818 3.6092138612575
-0.656555568990294 -3.06732105313388 3.49305546213677
0.0885507276466342 -2.17423942973046 3.13259137058267
0.853910291976991 -1.30525845322963 2.67620639908165
1.70268225933065 -0.453777316992292 2.26500074125228
2.61085441474972 0.352314553876325 1.94619194594792
3.50137940615272 1.13381292575424 1.63554364233635
4.27499790526256 1.954643928894 1.20133647127126
4.81720962174947 2.82814535286273 0.576185442325216
5.02702893198977 3.70412666049038 -0.219591842540283
4.84632985761487 4.5005505786914 -1.10170149823667
4.27317085945213 5.13286476095734 -1.95000644613321
3.36387414533357 5.53502569323838 -2.63210382291154
2.22830421213241 5.6767604318431 -3.02534303466421
1.01441771094858 5.58021469594514 -3.04311007098357
-0.134248744172546 5.33107275073497 -2.66918546103722
-1.16398717270364 5.05634529287145 -1.99395298002279
-2.15168740936176 4.80860885789746 -1.22149365366672
-3.14306156207194 4.44139963873055 -0.54415615018825
-4.04151722973293 3.78307961278291 -0.0245663358667579
-4.69533328852115 2.8238888794259 0.333736128862008
-4.99775072066584 1.6737720356362 0.540570872393607
-4.92095052826812 0.476378193751974 0.616952062395415
-4.50638808398773 -0.649384490554245 0.59381271842235
