-3.12599657086793 -2.59330239887637 -4.81781477096028
-2.79751776086657 -3.70589832585662 -4.99449605834566
-2.28982122506124 -4.75807867998863 -4.8813797665234
-1.64841554469562 -5.65511370694905 -4.477580448386
-0.935543836967488 -6.30981459325807 -3.81059431576731
-0.226452600753142 -6.65219938115581 -2.93557848919042
0.395312753360535 -6.63948199795641 -1.93311849458532
0.845046472809797 -6.26732584915883 -0.903653606728873
1.04860178202369 -5.58082139470116 0.0457149913458221
0.960114592801118 -4.67772924975921 0.828210442073266
0.582838340696413 -3.68804668800787 1.41911899011752
-0.0186686999851686 -2.72322747961495 1.87883767851103
-0.747463830405483 -1.83270592431649 2.28159759059018
-1.53311537719986 -0.994985973292965 2.62418087797369
-2.32450536256996 -0.143809370129481 2.84850931565853
-3.06214005924686 0.772336925197067 2.89076890211594
-3.67627149565904 1.75651003166501 2.70756619895613
-4.09932646103096 2.76706786493221 2.28666728021681
-4.27873053518591 3.73519248204887 1.64831141461918
-4.18491224837751 4.58197544316538 0.841117768646467
-3.81478723149559 5.23162327253429 -0.064219879318179
-3.19239480369754 5.62129508055026 -0.981673402897268
-2.36797055658022 5.70906053633944 -1.81663303508343
-1.41569611288874 5.48143237124214 -2.47338299302628
-0.428790321908762 4.96110122504975 -2.86488585813215
0.491537618724282 4.21325866768955 -2.92663646800963
1.25871389314814 3.34417734242667 -2.63451582522748
1.83788111779797 2.47897101683677 -2.02059277667126
2.27634808027152 1.71127022669673 -1.17369137379547
2.65665861709334 1.06476992797292 -0.207461275957937
2.99286734179174 0.506927637010404 0.804636000092653
3.22883936562816 -0.0325388664627301 1.83473112206486
3.29241864882493 -0.623779787016522 2.85173804936336
3.12965143936513 -1.30076436650729 3.79802962039423
2.71929747383096 -2.05551095430642 4.59779370638641
2.07557996197145 -2.84874741441063 5.17517356007782
1.24427723875706 -3.62317166327023 5.46915637131894
0.295970897853898 -4.31475874293487 5.44273767874304
-0.681337038033318 -4.86169704953267 5.08778142829433
-1.5895323484521 -5.21180647663339 4.4274045308309
-2.32814994391508 -5.32964705648507 3.51693143569755
-2.80409282154279 -5.20437798730826 2.44293063261979
-2.94520677795968 -4.85839355126231 1.31734095161055
-2.7182859429847 -4.35384589595427 0.260252174499719
-2.14680887168586 -3.78813007402919 -0.636938817004335
-1.31514832405737 -3.26428488758314 -1.36139300111132
-0.342759719194605 -2.84053270730946 -1.97596609250372
0.682515017482018 -2.50293273243001 -2.52031038875841
1.73221240616011 -2.17453812087196 -2.97434676166125
2.78839911863082 -1.75872669408885 -3.29514231398222
3.80617464874055 -1.18901062265616 -3.44025849018889
4.71434991778097 -0.447571288295148 -3.3807811282463
5.43319230507309 0.439330209676321 -3.10931272488433
5.89163853880891 1.41340940604408 -2.64232712436131
6.03890024049936 2.39681904681969 -2.01851111068422
5.85118749981317 3.30305460764444 -1.29521217122037
5.33542806822663 4.04641366364815 -0.544244624358755
4.53138052487105 4.5510778050728 0.152749921306904
3.51225404453414 4.76134018770497 0.71020712083227
2.38169472144465 4.65419279383703 1.04749258766753
1.2615381092457 4.25333332040792 1.10255785105246
0.261336052236737 3.63762094822377 0.850281864053217
-0.572338258967598 2.92729562207061 0.319540087200387
-1.27983130966597 2.23484515687443 -0.405341492423263
-1.91029302592159 1.60345643389807 -1.22892071906016
-2.45829363982512 0.986362397009063 -2.09164102926575
-2.88990062016442 0.294517715006938 -2.94647963641996
-3.16503261499525 -0.535313772695904 -3.73311551671526
-3.24968568513299 -1.51163206594969 -4.37982027698328
