-5.16027549942548 -1.500295720919 -2.80894703916037
-4.8010689654847 -2.53442392097404 -2.28793694581204
-4.17896989274392 -3.26166135824153 -1.5236558695627
-3.43479970019693 -3.59398844120086 -0.581452048358836
-2.73424375945923 -3.60365728434415 0.479120603988871
-2.15816990490077 -3.48126173410618 1.59717794428329
-1.65699918721263 -3.29696726384706 2.70485483994417
-1.11699018889656 -2.99020619439328 3.74107325106456
-0.462009225332486 -2.50026400243137 4.61980637929386
0.30876299183432 -1.8190619240451 5.2353779726926
1.13609853079622 -0.99130035917818 5.49618888114764
1.92627547870212 -0.0995312657730416 5.35171494180771
2.57461557106005 0.753744264667098 4.80710637703615
2.9880140028328 1.46609135277338 3.92778371599224
3.10954095109495 1.96054072174249 2.83139284812409
2.94510190591686 2.22057021099063 1.65464659583441
2.58137126183615 2.33057643985313 0.482992686863097
2.16512824611419 2.47554502182379 -0.689002369183184
1.79509761625322 2.83356231769775 -1.8398483908223
1.42047646791939 3.48743001020139 -2.83246627273213
0.943962623943487 4.39757316960009 -3.50397785286121
0.339613642258426 5.42312425095798 -3.74677253852294
-0.351034531912031 6.39058223762873 -3.53624798357224
-1.05478539944103 7.14853234852131 -2.92346884047252
-1.69359194047858 7.59241528901127 -2.01127060270444
-2.20018571441286 7.67043894127722 -0.930059843270376
-2.52666532459193 7.38099137669022 0.182408598571891
-2.64893331693249 6.76582841005018 1.19823323693035
-2.56779378010898 5.89953444723267 2.01455322446043
-2.30614519355312 4.87478451931198 2.56599238158169
-1.90130597006702 3.78409168004639 2.83214437403948
-1.39191507753693 2.7011211402526 2.83808250073951
-0.80001103602164 1.66731163712014 2.64860718948065
-0.115022374165251 0.692469443850873 2.36113340418251
0.69093455559607 -0.223884280505954 2.09675790381815
1.59736209921432 -1.07610644129941 1.9460941568518
2.53163973943893 -1.88032256725262 1.84891389221327
3.42161880564115 -2.67767313812067 1.60894642585547
4.17563014181965 -3.46053418686505 1.07895193452622
4.68775759106411 -4.15953808277441 0.241875443881713
4.87882452375876 -4.69014811787338 -0.819827279399026
4.7183471688588 -4.9867272431182 -1.97192465453343
4.22619515194845 -5.01623324366838 -3.06516785151401
3.465257475256 -4.78120592176449 -3.96095831226446
2.53010961208712 -4.31755833375992 -4.54984292219944
1.53246160087103 -3.68892503932592 -4.76536915757499
0.582118977430079 -2.97731331974435 -4.59356913463759
-0.238722970985142 -2.26899483266533 -4.07537977352735
-0.908502325384164 -1.63614820760324 -3.29602912949143
-1.49570261223743 -1.12287444762231 -2.35895306430358
-2.13983894804207 -0.756007091100429 -1.36420631309332
-2.93971286153309 -0.584687836676676 -0.405420520610675
-3.84846625327886 -0.707656610425297 0.453362347394755
-4.71248709067244 -1.21405514545712 1.17752136867159
-5.36338057181398 -2.08871571560305 1.72392965959029
-5.67595047495094 -3.21047233626481 2.05185237583579
-5.59605011748461 -4.40805708785276 2.14492318361329
-5.13783631599797 -5.50973359379725 2.01581170804984
-4.36768757233517 -6.37160671451924 1.70141518942864
-3.38674296875892 -6.89204604972978 1.25587687987864
-2.31395473395841 -7.01957149781625 0.74300647136774
-1.26740535398736 -6.75673020515442 0.227189624844607
-0.340985232522925 -6.15814148315189 -0.238676009301719
0.42476192982041 -5.317655220343 -0.628818797740998
1.07007370414687 -4.34130780955633 -0.959294072945143
1.70575001862772 -3.32184406133733 -1.28024033355418
2.42172363594278 -2.33996896431534 -1.61709094581359
3.21414729047432 -1.4376825570677 -1.9269340826934
4.01470751432591 -0.553696903921815 -2.15038000007194
4.72106315311953 0.412387312613064 -2.24680635649032
5.21855727159592 1.49993291823424 -2.19302271482232
5.40581416048938 2.66424956320767 -1.98580894315998
5.21861475799403 3.79919853291981 -1.64694458894918
4.64564551952084 4.76832107233895 -1.22513814085088
3.73681179676165 5.43598816033884 -0.794790441473933
2.60295640299785 5.70267543644155 -0.450559031603506
1.39563177727952 5.54803054934915 -0.292656690466777
0.24588831890347 5.06955917803864 -0.393558351910243
-0.813730199548841 4.4669711962899 -0.74063676983266
-1.80915166340353 3.89654183016325 -1.23213858347083
-2.74435869942571 3.34251838100996 -1.77753650557427
-3.60521990733797 2.69560837014156 -2.30617672951798
-4.34839728689971 1.86814703906716 -2.7437654445125
-4.90284475313189 0.843220176308221 -3.01360905332113
-5.1918705349987 -0.320319129051854 -3.04925205759455
