5.74211582129764 7.85675693098828 3.79979607879039e-07
5.63178268320043 7.85675693098828 1.12023153048012
5.30502330953035 7.85675693098828 2.19741282609977
4.77439487976877 7.85675693098829 3.19014879373812
4.06028914689157 7.85675693098829 4.06028914689157
3.19014879373812 7.85675693098829 4.77439487976876
2.19741282609978 7.85675693098829 5.30502330953034
1.12023153048013 7.85675693098829 5.63178268320042
3.79979613343311e-07 7.85675693098829 5.74211582129763
-1.1202307705209 7.85675693098829 5.63178268320042
-2.19741206614055 7.85675693098829 5.30502330953034
-3.1901480337789 7.85675693098829 4.77439487976876
-4.06028838693234 7.85675693098829 4.06028914689156
-4.77439411980954 7.85675693098829 3.19014879373811
-5.30502254957112 7.85675693098829 2.19741282609977
-5.6317819232412 7.85675693098829 1.12023153048012
-5.74211506133841 7.85675693098829 3.79979602396335e-07
-5.6317819232412 7.85675693098829 -1.12023077052091
-5.30502254957112 7.85675693098829 -2.19741206614056
-4.77439411980953 7.85675693098829 -3.19014803377891
-4.06028838693234 7.85675693098829 -4.06028838693235
-3.19014803377889 7.85675693098829 -4.77439411980955
-2.19741206614054 7.85675693098829 -5.30502254957113
-1.12023077052089 7.85675693098829 -5.63178192324121
3.79979620730011e-07 7.85675693098829 -5.74211506133842
1.12023153048014 7.85675693098829 -5.63178192324121
2.19741282609978 7.85675693098829 -5.30502254957113
3.19014879373813 7.85675693098829 -4.77439411980955
4.06028914689158 7.85675693098829 -4.06028838693235
4.77439487976877 7.85675693098829 -3.1901480337789
5.30502330953036 7.85675693098828 -2.19741206614056
5.63178268320043 7.85675693098828 -1.12023077052091

5.74211582129764 -7.85675693098831 3.79979609003512e-07
5.63178268320043 -7.85675693098831 1.12023153048012
5.30502330953035 -7.85675693098831 2.19741282609977
4.77439487976876 -7.85675693098831 3.19014879373812
4.06028914689157 -7.85675693098831 4.06028914689157
3.19014879373812 -7.85675693098831 4.77439487976876
2.19741282609977 -7.85675693098831 5.30502330953034
1.12023153048012 -7.85675693098831 5.63178268320042
3.79979607667533e-07 -7.85675693098831 5.74211582129763
-1.12023077052091 -7.85675693098831 5.63178268320042
-2.19741206614056 -7.85675693098831 5.30502330953034
-3.1901480337789 -7.85675693098831 4.77439487976876
-4.06028838693235 -7.85675693098831 4.06028914689156
-4.77439411980954 -7.85675693098831 3.19014879373811
-5.30502254957113 -7.85675693098831 2.19741282609977
-5.63178192324121 -7.85675693098831 1.12023153048012
-5.74211506133841 -7.85675693098831 3.79979602366606e-07
-5.63178192324121 -7.85675693098831 -1.12023077052091
-5.30502254957113 -7.85675693098831 -2.19741206614056
-4.77439411980954 -7.85675693098831 -3.19014803377891
-4.06028838693235 -7.85675693098831 -4.06028838693236
-3.1901480337789 -7.85675693098831 -4.77439411980955
-2.19741206614055 -7.85675693098831 -5.30502254957113
-1.1202307705209 -7.85675693098831 -5.63178192324121
3.7997961250987e-07 -7.85675693098831 -5.74211506133842
1.12023153048013 -7.85675693098831 -5.63178192324121
2.19741282609978 -7.85675693098831 -5.30502254957113
3.19014879373812 -7.85675693098831 -4.77439411980955
4.06028914689157 -7.85675693098831 -4.06028838693235
4.77439487976877 -7.85675693098831 -3.1901480337789
5.30502330953035 -7.85675693098831 -2.19741206614055
5.63178268320043 -7.85675693098831 -1.12023077052091
