3.30638661969674 -0.1847448856377 0.437860695871314
2.67531998262595 0.772707212116537 1.11065554558907
1.45131834918867 1.33738755146393 1.23169424935316
0.158305492108988 1.30225307817842 0.595367816556734
-0.903475398678747 0.953026379152252 -0.595398861345412
-1.9648627128431 0.21373953250068 -1.23174777236891
-2.61462068636651 -0.967307438402035 -1.11076479639378
-2.55405060857064 -2.11246297256392 -0.438037066937982
-1.81149992894415 -2.77703706504113 0.433174807785549
-0.66740098706128 -2.70998101066579 1.10708402012699
0.433516232849671 -1.93243801909993 1.22997593719997
1.05017269407383 -0.794392218676412 0.595456769774174
1.27970560413055 0.301054690637986 -0.593901855969653
1.17073565095976 1.59058315621478 -1.22893720509201
0.472687339315838 2.7436804107357 -1.1073250003637
-0.549943100871525 3.26306556304722 -0.434957112905428
-1.49754793599997 2.95133042022717 0.435052452580566
-2.01213684043688 1.92624578451531 1.10737103687112
-1.88933418691336 0.583918104344124 1.22890358167017
-1.21150836106888 -0.518449022313285 0.593791877522645
-0.37650838108821 -1.26365003514022 -0.595625506102968
0.79531831623589 -1.81334745358484 -1.23019855032692
2.1428428414004 -1.785502086461 -1.10733056539431
3.10334660416708 -1.1603081881929 -0.433403535958653
