6.81383901503234 2.79653355332981e-16 -3.33071213098575e-15
6.69501436031219 0.889161557434719 0.756689484026606
6.33860251377175 1.73400876426769 1.49033072306457
5.74747563530202 2.48733745303835 2.17249788625921
4.93442173862771 3.09853583411252 2.76598453965408
3.93103639171402 3.51702330785495 3.22497081110574
2.79485502080199 3.69987611811562 3.49952190038583
1.61115553230489 3.62257098162651 3.54425621989197
0.485554029282216 3.29064077793516 3.33042012397208
-0.478202090597635 2.74707808908909 2.85939018269696
-1.21824458123571 2.06216260783298 2.17146558514898
-1.7384710995062 1.29108617732021 1.34155006766576
-2.03176137893396 0.443962814624457 0.451488563229408
-2.03176137893396 -0.443962814624456 -0.451488563229402
-1.73847109950621 -1.29108617732021 -1.34155006766575
-1.21824458123572 -2.06216260783297 -2.17146558514897
-0.478202090597639 -2.74707808908909 -2.85939018269696
0.485554029282211 -3.29064077793516 -3.33042012397208
1.61115553230488 -3.62257098162651 -3.54425621989197
2.79485502080198 -3.69987611811562 -3.49952190038583
3.93103639171401 -3.51702330785495 -3.22497081110574
4.93442173862771 -3.09853583411252 -2.76598453965409
5.74747563530202 -2.48733745303834 -2.17249788625921
6.33860251377175 -1.73400876426769 -1.49033072306457
6.69501436031219 -0.889161557434719 -0.756689484026612

-3.40691950751637 5.90095768431564 3.93591520882619e-14
-4.11754367696331 5.3534717360147 0.756689484026623
-4.67099689712679 4.62238641928446 1.49033072306456
-5.02783523976695 3.73379118128454 2.17249788625918
-5.15062161619196 2.72406666158157 2.76598453965404
-5.01134972616163 1.64586572449802 3.22497081110568
-4.60161421954471 0.570477388851242 3.49952190038576
-3.94281626325355 -0.415983870389332 3.5442562198919
-3.09255552306215 -1.22481826469923 3.33042012397202
-2.13993836603214 -1.78767420314485 2.85939018269691
-1.17676291450005 -2.08611205928927 2.17146558514893
-0.248877878281312 -2.15110322457746 1.34155006766572
0.63139761366639 -1.98153837589704 0.451488563229373
1.40036376526723 -1.53757556127257 -0.451488563229428
1.98734897778718 -0.860017047257202 -1.34155006766576
2.39500749573541 -0.0239494514562233 -2.17146558514897
2.61814045662941 0.959403885944335 -2.85939018269693
2.60700149377955 2.06582251323605 -3.33042012397203
2.33166073094826 3.20658711123731 -3.5442562198919
1.8067591987423 4.270353506967 -3.49952190038575
1.08031333444717 5.16288903235312 -3.22497081110566
0.216199877563796 5.82260249569423 -2.76598453965401
-0.71964039553552 6.22112863432302 -2.17249788625914
-1.6676056166454 6.35639518355226 -1.4903307230645
-2.5774706833493 6.24263329344948 -0.756689484026552

-3.40691950751646 -5.9009576843156 -1.27735844618462e-13
-2.5774706833494 -6.24263329344946 0.756689484026465
-1.6676056166455 -6.35639518355226 1.49033072306442
-0.719640395535625 -6.22112863432306 2.17249788625907
0.216199877563695 -5.82260249569429 2.76598453965395
1.08031333444708 -5.16288903235322 3.22497081110562
1.80675919874223 -4.27035350696712 3.49952190038573
2.33166073094822 -3.20658711123745 3.54425621989191
2.60700149377954 -2.06582251323619 3.33042012397207
2.61814045662942 -0.959403885944458 2.859390182697
2.39500749573545 0.0239494514561174 2.17146558514906
1.98734897778723 0.860017047257113 1.34155006766587
1.40036376526731 1.5375755612725 0.451488563229534
0.631397613666487 1.98153837589701 -0.451488563229266
-0.248877878281208 2.15110322457745 -1.34155006766561
-1.17676291449994 2.08611205928929 -2.17146558514884
-2.13993836603203 1.7876742031449 -2.85939018269684
-3.09255552306204 1.2248182646993 -3.33042012397198
-3.94281626325346 0.415983870389435 -3.54425621989189
-4.60161421954464 -0.570477388851124 -3.49952190038578
-5.01134972616159 -1.6458657244979 -3.22497081110573
-5.15062161619195 -2.72406666158145 -2.7659845396541
-5.02783523976698 -3.73379118128443 -2.17249788625926
-4.67099689712684 -4.62238641928437 -1.49033072306464
-4.11754367696338 -5.35347173601463 -0.75668948402671
