-8.77818503223152 -1.17775355867347 0.398013877925625
-8.63644948103896 -0.223772876691697 1.09326239782475
-8.12881631351037 0.682649679352349 1.67142879548631
-7.32223957621889 1.47950494510105 2.03302142588792
-6.3215242063129 2.12414290243293 2.10470587982228
-5.25622211808389 2.60669743409883 1.85093462513525
-4.25614061818176 2.96366930716827 1.28503040362364
-3.41329974492934 3.28347300295871 0.475089397636595
-2.74428264684649 3.6865166124124 -0.460291373195638
-2.18704326146372 4.27168596540882 -1.3711152672357
-1.6488013299918 5.06513440343598 -2.10913832293183
-1.06374567168521 6.01349417439019 -2.55817647906277
-0.414025477650196 7.01182812232882 -2.65101457626055
0.280046994161331 7.93821811095739 -2.3745442228054
0.977072899790153 8.68039691681713 -1.76448994509983
1.6284258801749 9.15137885574845 -0.894031779405823
2.18759533373203 9.29667577764329 0.138798735700202
2.61626229607005 9.09654284045739 1.22270348737576
2.88837697076914 8.56546882634401 2.2434427746103
2.99299069557708 7.74983899211475 3.09332202129786
2.9361509624463 6.72390098884296 3.68024732960316
2.74184601772823 5.58366010035014 3.93655721357587
2.45163753104403 4.43783426324974 3.82744524968615
2.1221338729152 3.39460294769211 3.35778022839198
1.81910966858121 2.54357413847105 2.57413616121672
1.60809349216487 1.93628545375145 1.55712840050363
1.54533529333361 1.57613981549114 0.402869479386877
1.67701083846998 1.42999841792993 -0.795263542346169
2.04458027089151 1.45243499682812 -1.94835144670545
2.67576255865756 1.59537369368385 -2.96212273244503
3.55992218819925 1.8038045213609 -3.73927599428
4.63681478278459 2.01756986516304 -4.19886406432141
5.80836731710465 2.18008815587309 -4.29527341241646
6.9597299097669 2.24610130262035 -4.02545333691542
7.9779553760634 2.18559876185632 -3.42629557560663
8.76522826375239 1.98475039458713 -2.56749666092578
9.24764738882419 1.64516695288578 -1.54317102333446
9.38119268146841 1.18226370481959 -0.46330093066637
9.1560109200276 0.622950851238843 0.555081377895386
8.59944805409814 0.00242208234803828 1.39771018384995
7.77726048043787 -0.640696747402312 1.96504496864406
6.79068659221162 -1.27221702999127 2.18751073168294
5.76433359551056 -1.87497770988261 2.04387339720235
4.81759012151815 -2.46547916084985 1.57908960985822
4.01678299592765 -3.1011790855758 0.913000745453887
3.32793306171175 -3.84263385289132 0.222109540396686
2.62520564124469 -4.67325965015728 -0.327825573728416
1.7809396527294 -5.47462273888113 -0.655443208199551
0.751971871951007 -6.08673734312399 -0.773376488873728
-0.412540259467923 -6.38176193795846 -0.758572774937389
-1.61412481075125 -6.3123696007195 -0.720684441520274
-2.76534311429229 -5.93339924413782 -0.766848274228914
-3.84911709281166 -5.3879283877443 -0.948493044471633
-4.91812383981905 -4.82559830588927 -1.1971061048871
-6.00232019702062 -4.28045718602153 -1.34322814684651
-7.04484211152085 -3.67897989574977 -1.24864741182349
-7.92787555666953 -2.95725343135787 -0.882315875858451
-8.53239237089355 -2.11005762562004 -0.299633457525214

-6.01543558533539 -8.44931954387899 -1.46612661784126
-5.56316048068846 -8.33039278451825 -2.55332124725716
-4.97569517721349 -7.89953931654586 -3.48646484707003
-4.29617684067732 -7.20793292171255 -4.16718636248843
-3.576506367045 -6.33399639349277 -4.5207707162709
-2.8718038694439 -5.3775093910222 -4.50453736101023
-2.23320275189186 -4.4503123799185 -4.11494640950096
-1.69844599144074 -3.66221585126462 -3.39138176775502
-1.28060827385831 -3.10215878717028 -2.41218165801192
-0.958102980900453 -2.82078641930705 -1.2789023084163
-0.672737039279336 -2.8276446552483 -0.0951510322089373
-0.341108092007785 -3.10447958705929 1.04255127111565
0.121537253002216 -3.61060338148439 2.03965398549069
0.770219980199928 -4.27408411173232 2.80421511953051
1.60916429954035 -4.99352852775648 3.26223364781925
2.59383342858155 -5.65637156267379 3.37494051179637
3.64740186287177 -6.15939562424011 3.14581809067338
4.67886753112115 -6.42240456555859 2.61776115701084
5.59761855797021 -6.39500589619493 1.86578133312273
6.32454494732457 -6.05923425205567 0.988654563661892
6.80131647086118 -5.43000239952139 0.100202779467698
6.99932074298434 -4.55381190772713 -0.680848881240205
6.92883007051051 -3.50421756520908 -1.24472269273735
6.64656652508206 -2.36980226316068 -1.51119085781961
6.25397872961235 -1.22810905125396 -1.45868002285387
5.86809665149167 -0.108276861382758 -1.1556831592302
5.54491519215504 1.01424684406627 -0.762654475602715
5.20411306651015 2.14969770513425 -0.445358390548537
4.69229438948733 3.23676341176116 -0.257396731920833
3.92936640220232 4.16936962803136 -0.136725284161998
2.9552644498099 4.87540959445659 0.0230590907478547
1.87875906268713 5.38715744135681 0.300686541411204
0.792123394783047 5.83436707197342 0.674952742568518
-0.289954640264278 6.31214439185845 1.00303456726896
-1.40415823072126 6.77464505825524 1.12444192054615
-2.55116386580425 7.09418244974956 0.96726563387872
-3.670018410652 7.15560075123232 0.55336860782294
-4.67184172311872 6.89705609192994 -0.036484041462264
-5.47278156891371 6.31356923650606 -0.693887679238874
-6.01234713212846 5.44764819690065 -1.30381672480329
-6.26316505784096 4.37767014200325 -1.75860972082388
-6.23747722203781 3.20539724891025 -1.96942297386345
-5.99161741467573 2.0395025873647 -1.87827783123356
-5.62517718184067 0.970654702616658 -1.47114678418402
-5.26708517388183 0.0381247546167785 -0.788888295567594
-5.04062604609062 -0.795846516810833 0.0695082271650966
-5.01505780241684 -1.62976831780738 0.95886085881951
-5.18203552070546 -2.5580283285745 1.72077375054458
-5.4787200861238 -3.61111091535063 2.22145295867095
-5.82283085782935 -4.74605861153463 2.37479360044897
-6.13413646410577 -5.87354709963311 2.15132229338318
-6.3459384579177 -6.89020687892255 1.57526340213834
-6.41081554142495 -7.70169623810557 0.713498660527376
-6.30249409422153 -8.23585483237378 -0.337861048836795
