1.51728676002978 -6.6063016775403 -5.49487526394947
0.456643901252204 -6.64206874258706 -5.89412984603926
-0.629237681452791 -6.47251651720105 -6.17160041990039
-1.69373785504307 -6.10950992491478 -6.311660267292
-2.69232713607183 -5.57339730179595 -6.30493034836852
-3.58474443689922 -4.89201531691755 -6.14842366797959
-4.33735156882767 -4.09944314158223 -5.84559330932046
-4.92594461783171 -3.23417222127758 -5.40615032783147
-5.33917184785243 -2.33617955030347 -4.8453601690629
-5.58245238216216 -1.4422780570995 -4.18242519838085
-5.68171626281989 -0.579293226441069 -3.43778689283834
-5.6848127735418 0.244144668599145 -2.63053217385522
-5.65485301116763 1.04251088619137 -1.78045357100248
-5.64552083670688 1.84597030349198 -0.918371102442603
-5.66206966408556 2.68140633359459 -0.0875468755972334
-5.65092798675067 3.5600769224493 0.68007285126492
-5.53760680119667 4.47550196823478 1.37388528195201
-5.26425379666823 5.40327982716961 1.98799090572008
-4.80163868870187 6.30518170115307 2.511183388277
-4.14728671881087 7.13687815696693 2.92903879251002
-3.31967935575559 7.85507742136115 3.22854669440237
-2.35206779378374 8.42235188864821 3.4012139281221
-1.28704412087137 8.80977423612272 3.44441104796462
-0.172179332420011 8.99800648898445 3.36159317898248
0.943346781325153 8.97748464058608 3.16196108879121
2.0113964425331 8.74816754017373 2.85990343980121
2.98716389393437 8.31910211386709 2.47435929131572
3.83147490694231 7.70783777342169 2.02808253992801
4.51342299251327 6.93950488997757 1.54666492141036
5.0135705974426 6.04515307648912 1.05706716031222
5.3277585702921 5.05875690322221 0.585312401715024
5.47119725438938 4.0123207130106 0.152930847409848
5.481646919653 2.92941073335909 -0.228173026029905
5.41826545839282 1.82082713232229 -0.562044585375018
5.34803026265044 0.691555574700753 -0.873260744654275
5.31141348953429 -0.441259524682748 -1.20260065307292
5.2885400483146 -1.5487534013013 -1.58940623038992
5.21266447716195 -2.6091873132047 -2.05363885472685
5.01497091294622 -3.60486398831823 -2.59276756019064
4.65078338349903 -4.51017190110244 -3.18762571794906
4.10358182583784 -5.29240033272899 -3.80896764057908
3.38054143421047 -5.91884493899866 -4.42296749764899
2.50632761335682 -6.36271385208304 -4.99545524448482

-9.52571731262571 0.75144028725645 -0.436339412087269
-9.16343132962996 -0.141448073003718 0.242684480202717
-8.55905533251753 -0.949584552740362 0.849002145651613
-7.76188116806763 -1.64331312952914 1.36509259023223
-6.81849921827005 -2.2015204211235 1.79028299845608
-5.76770428770841 -2.60328183742977 2.13678972123308
-4.64303290703016 -2.82034690260076 2.4259254372298
-3.48191232959559 -2.8176257739245 2.68673738849746
-2.33269084249062 -2.57153142199611 2.95769446896902
-1.23762299120776 -2.11200743287931 3.28606551494408
-0.186941759592116 -1.56447423988853 3.69490429409175
0.884107201862369 -1.09486910563848 4.11056196445247
2.01820551179148 -0.778129745058217 4.40383007493527
3.19503474147011 -0.598547583584122 4.49869168873134
4.36931572062025 -0.509871532828559 4.38031398496746
5.50203457453414 -0.46493679694926 4.05953915758742
6.56054348336592 -0.425732887956618 3.54876929243927
7.50897659560682 -0.365332586481179 2.85640375342925
8.30248162114279 -0.267593780949868 1.99285821784363
8.88878715142995 -0.127009508375563 0.980489442935191
9.21653212878841 0.0513541415826089 -0.138742710087338
9.247246336368 0.252785893658042 -1.30201964073838
8.96639579913439 0.455384471257864 -2.43189001739716
8.38937377883911 0.633927275059936 -3.44794669788387
7.56035454803176 0.764408735665838 -4.28010815155241
6.54438747266251 0.828286517098324 -4.87943563337437
5.41517447202868 0.815652742545184 -5.22337825678254
4.24225859779076 0.727027042603285 -5.31406279446887
3.08154134104457 0.574094552339491 -5.17040581590383
1.97196350394052 0.380136602976524 -4.81694552333135
0.939229393609071 0.180524623618783 -4.27389303798164
0.00512488069986199 0.0218910933804097 -3.55384704005213
-0.802887626875658 -0.0440683589391208 -2.66959707523905
-1.45294889870186 0.0237086567177887 -1.64999308215703
-1.93028795807386 0.232307343691752 -0.546642346089247
-2.26462424897116 0.532094909032532 0.590685585488856
-2.51656230749542 0.810863767638073 1.75206469670401
-2.71204329212796 0.927839493905819 2.94669350509475
-2.81573352399533 0.76908918851318 4.14119692136891
-2.77212930686328 0.287168788113599 5.24240841924993
-2.5466690161052 -0.485574945581794 6.12963111971078
-2.13857963749388 -1.45390725194071 6.69808458527787
-1.57698390527482 -2.48941771321883 6.88471381929631
-0.912147596863303 -3.4560057313978 6.67556131716753
-0.206815462210712 -4.22772863187422 6.10401872432415
0.471565579651924 -4.7017643538396 5.24579062994708
1.05861093786925 -4.80962584556563 4.21175127389993
1.50204867338599 -4.52802146595224 3.13643493962063
1.77275271403054 -3.88717418617953 2.15736281073779
1.87558481162838 -2.96835291347858 1.38117290339594
1.85030156549874 -1.87972087128091 0.844101408850154
1.74458036418497 -0.716925944536049 0.492249606806107
1.56399588648753 0.456993597454757 0.203102303910665
1.26189587653088 1.58893837132534 -0.143409639864332
0.794632979322747 2.61418805048748 -0.596906170328602
0.158633933980447 3.47950774574425 -1.13968275994738
-0.623740419952696 4.16582767709829 -1.72243391682573
-1.52864261796721 4.68027354539276 -2.28962517486227
-2.53855524187702 5.03431022219919 -2.78984535787382
-3.63555169534509 5.22899726987226 -3.17760197816517
-4.79099273052653 5.25331407143329 -3.41384229968378
-5.95876668064425 5.09130957216887 -3.46878638699373
-7.07497136544366 4.73237555871448 -3.32682587969562
-8.06445605402387 4.18031464997816 -2.99125860608452
-8.85246449791305 3.45831820992714 -2.48633147366647
-9.37793420400075 2.60850229998063 -1.85500985895981
-9.60447297754642 1.68629250989774 -1.15241439305197
