1.38500038563312 -2.23443633139552 0.911687424331515
0.46453025351599 -2.97729229194109 1.38503019625169
-0.48536159326939 -3.86759417300738 1.24765837228906
-1.17298858757489 -4.77917116089202 0.537562075017921
-1.35707952253238 -5.67061278761933 -0.42316737180667
-0.977217323666218 -6.43172642330711 -1.36260810104865
-0.129429297737692 -6.92549007558881 -2.11471612351393
0.990902989768281 -7.08532552889376 -2.57340181988077
2.18365521395013 -6.92027481912154 -2.71249926471454
3.29901372183083 -6.48298211069534 -2.57202879982924
4.25361400284804 -5.83447360220042 -2.23247703655295
5.02166336130115 -5.01802751044502 -1.7937518286734
5.61374445189238 -4.05193269183955 -1.36507284731784
6.06566960781572 -2.94941059577752 -1.05847700444926
6.45956264578807 -1.75594348373223 -0.9508651524953
6.93362316610115 -0.564716033014238 -0.976270224607334
7.54369222688435 0.542918728192581 -0.879015401783009
8.15449339359882 1.53356653452776 -0.437088067372617
8.56922303205855 2.36144985531629 0.373721238294452
8.64681096538771 2.96907957981205 1.43254848487228
8.33183989105248 3.3181779522108 2.55741783270923
7.64644879611493 3.40356294242354 3.55974309869372
6.67345310194358 3.25539558573186 4.27553106389345
5.53896670646107 2.93728439620532 4.58532732111573
4.39358509056588 2.54214257992708 4.43011407281274
3.38734960118039 2.18414303002749 3.82494186304757
2.63228405445914 1.98268127613085 2.86462782952214
2.15273002869667 2.03553632782505 1.7068232361405
1.84897831082698 2.39008008010938 0.528186421065737
1.52395297866458 3.02484099291259 -0.514654633001622
0.985671678118948 3.82544586899906 -1.30646099992211
0.150022873251166 4.59957065010016 -1.78578724521424
-0.939944656718305 5.14399983462839 -1.95014488225218
-2.1532537625446 5.30412113411264 -1.85605274515373
-3.32104895472123 5.00693110839301 -1.61236837336641
-4.28901980665027 4.27792512907778 -1.36770132058147
-4.98567537461854 3.24264474521368 -1.28286391182973
-5.50062476618613 2.09335105374643 -1.46201421565347
-6.06524266073926 1.00512434948235 -1.82786726079696
-6.83634022143519 0.047934580012765 -2.1087473603735
-7.76180217927242 -0.775280321713539 -2.05401309711516
-8.66698239820426 -1.44763315843777 -1.56969499183832
-9.36763417968879 -1.93992820668369 -0.700637734593004
-9.72774733930317 -2.23349336610282 0.423010979430323
-9.67760591367212 -2.33037874230265 1.63169224535179
-9.21411810739612 -2.25492263620603 2.74958816966831
-8.39417323215909 -2.05144078264158 3.61918364884787
-7.32381676130413 -1.77948976409094 4.12112454123585
-6.1424310168425 -1.50654963655993 4.19076130097284
-4.99946373584574 -1.29752237769211 3.82988836528062
-4.02067263776911 -1.2013163835727 3.10839761259954
-3.26361758991996 -1.23914395657317 2.14671988940819
-2.67512777166825 -1.40934336154315 1.07713128672012
-2.09396754613581 -1.7237842787982 0.0220050572104597
-1.35453309057873 -2.23647487563072 -0.856819390759824
-0.431045706914712 -2.98302765492019 -1.32128120530121
0.512895122565078 -3.88182617084367 -1.17613553126677
1.18393056162689 -4.80914885940306 -0.468749987054205
1.34540383558485 -5.718967663123 0.474456969955497
0.942808769453409 -6.49174934479556 1.39128378149924
0.0787321605912217 -6.98879754547409 2.12034366584184
-1.04919378222756 -7.14452151317804 2.559590114126
-2.24162424205887 -6.96979304249099 2.68526365401415
-3.35052703824106 -6.5193504736888 2.53778033118034
-4.29446842971278 -5.85646789774198 2.19686078709429
-5.04970259199989 -5.02666912952585 1.76132677400017
-5.62934989839678 -4.05021896231088 1.33934856857752
-6.07249888495111 -2.94164115631579 1.04150618334956
-6.46423059897029 -1.74667684713236 0.941522894796452
-6.94154959643001 -0.55734819370542 0.968265680225497
-7.5539845800033 0.547393983345753 0.864694444937645
-8.16245680587717 1.53466008562934 0.413652660048227
-8.57060708426355 2.35811595410853 -0.404530811591704
-8.6392432799398 2.96045177622981 -1.46681618025109
-8.31487536103761 3.30402345308227 -2.59063696156786
-7.62126382186077 3.38437289407968 -3.58769642376214
-6.64250095186727 3.23235598083665 -4.29483605088047
-5.50559893890693 2.9122043839869 -4.59386486449852
-4.36154750614625 2.51732576709507 -4.42740311646127
-3.36004701311234 2.16215176311504 -3.81237563508785
-2.61180747347505 1.96596027195594 -2.84532919396766
-2.13896926953806 2.02592824069535 -1.68488543316509
-1.8395788335507 2.38823084493416 -0.507510860897563
-1.51573846305758 3.0298076518361 0.531237572956439
-0.976551842008017 3.83511911852282 1.3173580288993
-0.139539716809543 4.61152973083068 1.79050405461064
0.951245057317474 5.15618545685121 1.94919962403406
2.1645200837993 5.31512073322988 1.85080615380993
3.33155424569691 5.01606285780206 1.60475938294099
4.2984746113653 4.28530323401662 1.35989110137145
4.99464248344091 3.24917374780781 1.27664956327671
5.51087734690056 2.10037557533628 1.45775815667908
6.07871406973984 1.01351997962354 1.82336604257059
6.85287118169994 0.0576119462675879 2.10046690079522
7.7791305305584 -0.764426516479501 2.03961261164802
8.68214238938296 -1.43521295126763 1.54872876699033
9.37792200383262 -1.92528082891665 0.674237501363702
9.73117689488408 -2.21596780327733 -0.452590260551392
9.6731167786689 -2.30954812983306 -1.66145952909543
9.20169662389514 -2.23076499419709 -2.77616027042214
8.37493008399582 -2.0244962223007 -3.63915037214971
7.30000304822078 -1.75097421338201 -4.13147369460414
6.11734838144077 -1.47837424642674 -4.18936593681546
4.97719641641949 -1.27212031127843 -3.81600231679317
4.00553761206135 -1.18113028484112 -3.08296276908963
3.25929345066778 -1.22570736842575 -2.11204699692609
2.68368310481219 -1.40234351848242 -1.03557300996132
2.11508151488024 -1.72100895597887 0.0256741129977022
