4.02516133647702 -4.94214322529941 1.8862257815031
2.87458786554159 -5.01282848167369 2.17731706989002
1.67726363763036 -4.92793114069013 2.16367613030497
0.542303899275154 -4.71490022974065 1.76106738194968
-0.401277762475642 -4.45254254514973 0.944214522669428
-1.15881508232225 -4.3104608367347 -0.174014983546029
-1.98324239626651 -4.36608799951987 -1.22573077264944
-3.02856466085402 -4.40773299838457 -1.92034171769315
-4.20485916908185 -4.30581639150259 -2.20568672815526
-5.36869752263843 -4.03933800080375 -2.13110913788263
-6.42406159965971 -3.61899893179908 -1.78797769936341
-7.32228312384777 -3.05229226764044 -1.26881863848732
-8.03155154319162 -2.33595219260138 -0.65292036345064
-8.51281522619392 -1.46480633604465 -0.0123676420698047
-8.71239534395878 -0.450768203740067 0.574775360544274
-8.57396081197902 0.65376613543747 1.0149709748205
-8.07106148772541 1.73939423827357 1.20279060527741
-7.25424911731396 2.65751613039194 1.0446311880561
-6.28022462575017 3.32882610260212 0.496344261527481
-5.37343007002616 3.93526079504234 -0.328714849955551
-4.59955251302113 4.71160039567222 -1.03533137785267
-3.8372376270904 5.60964523821669 -1.40672700945112
-3.00058702298051 6.47747470141721 -1.46467263017627
-2.05360939553299 7.18610778669146 -1.29233849767647
-1.00470731856316 7.64631767426476 -0.96862085741913
0.0992232210293208 7.80337473254304 -0.557962963974634
1.18915785415088 7.6359896108707 -0.116514875338112
2.19297373714571 7.15563634077203 0.301018407689192
3.05417110443155 6.40367563565214 0.635157195628379
3.75039746635078 5.44645701630731 0.814743323421657
4.30834464183099 4.37303973855879 0.752317596484507
4.80883226983289 3.29951766042659 0.362572175782044
5.38677894177146 2.3405658649968 -0.34764726527908
6.13980110551296 1.47646708388903 -1.08327870587801
6.87409232854234 0.499914598928401 -1.47905989762573
7.34824674874232 -0.635347220208982 -1.47620012766346
7.4646143419696 -1.79006104539702 -1.14384051118693
7.23353725006658 -2.82385918913768 -0.591018458997253
6.71597260205833 -3.66121332145637 0.0729283588030807
5.97821276423826 -4.28378131683286 0.756755038232241
5.07030226901147 -4.70409571074573 1.3852254002884

-0.85280329422627 -6.96902040237895 -0.277636356009598
-1.91477025401692 -6.81204813958864 0.416430553209852
-2.78654690703507 -6.06412770074724 0.981522978276818
-3.29392544419454 -4.90842653315739 1.22668790062939
-3.36819474245201 -3.62826708205344 1.042748822084
-3.06739215367748 -2.49884385161985 0.457005690961151
-2.51491419832615 -1.61746864866952 -0.346204311604714
-1.76020291514467 -0.854104402013195 -1.09295938614602
-0.797642890495314 -0.0888189723846815 -1.52705741982709
0.280701841605987 0.662421681554048 -1.56698209181491
1.37861842022265 1.43754916739016 -1.47856353659648
2.4348795653722 2.29011025065163 -1.67463503170268
3.4178388773409 3.0900984368452 -2.1231888491466
4.50669472372725 3.75629119442714 -2.40045434783633
5.70764885865367 4.18693303995926 -2.22162302047908
6.80875134105 4.25338015251564 -1.57112505230792
7.57439713762863 3.8999211732177 -0.612725155512709
7.84535107124863 3.1739218570045 0.400114758515992
7.57999178659174 2.21254826505549 1.19724571885785
6.86807595687892 1.20843812097373 1.55427131984232
5.91916977695965 0.356817947289256 1.3501708325623
5.00541360069189 -0.21512893275929 0.613156320034788
4.32586274140374 -0.489254111905309 -0.48006479324628
3.84199332275975 -0.491376656076692 -1.69650325334722
3.33551991670079 -0.201740602149214 -2.848902665218
2.66692598798876 0.419897170300847 -3.75032972035803
1.86863942068294 1.31952037126651 -4.19431672729122
1.08254094533705 2.32387177266939 -4.04899033997076
0.473055035175509 3.20300720355855 -3.33458339076338
0.139894570097154 3.77560741751796 -2.2256791544991
0.0456725438427474 4.02191593529701 -0.952234968514975
0.0308901319436811 4.06602625023917 0.350535725439915
-0.10401401501052 3.93647942274613 1.63781359812537
-0.549617813154015 3.54665608865559 2.78628475147418
-1.34698294250398 2.90585174133505 3.56655482037012
-2.35992151907143 2.14942690858947 3.78988744712318
-3.37152002058051 1.45544979877896 3.41720585582416
-4.19619517016262 0.96460660839547 2.56591010899846
-4.78132778911859 0.736035500451462 1.43782444584197
-5.26459791041086 0.779037783340452 0.222538015117833
-5.86046469456039 1.14134145947776 -0.893470769660166
-6.60347171846537 1.87324163446377 -1.67976305756901
-7.30757105280741 2.92030210003743 -1.95558795106766
-7.74114169827854 4.09460003965672 -1.67962630963962
-7.75066156042032 5.14652611519576 -0.955890733701704
-7.29895976077954 5.85125776838742 0.00633099360224478
-6.46267013744801 6.06732906213057 0.946419862079901
-5.40976819291119 5.77097508435397 1.6125160943469
-4.35564352223474 5.06417848642713 1.83359661983463
-3.47408895459157 4.12693735072696 1.61090920608919
-2.73529043158322 3.07657373494986 1.2158612665245
-1.93906042767043 1.96975107703078 1.07019486871086
-1.0777880292065 0.942751137559535 1.20989660572661
-0.2283609492978 -0.0614814181445728 1.22943977374396
0.504711392660761 -1.07433422494102 0.857788343135213
1.03638833810056 -2.05135103751242 0.169969394605484
1.34339732826028 -3.09239442589951 -0.571343661081787
1.34740774996483 -4.29512669403575 -1.0842576438313
0.953557060347324 -5.52481790115738 -1.19087931746141
0.174424504453455 -6.49944126394106 -0.880215252051582
