2.29470553718256 -6.11641727462165 0.387796524477724
1.15017121362889 -6.34253470613217 0.545366870226565
-0.0129039598615598 -6.22700528232716 0.676452968623074
-1.10416605850211 -5.78915734483791 0.713074037312453
-2.04752478096524 -5.092620480969 0.599922866958103
-2.80285579322183 -4.23404663803804 0.302447233924072
-3.38610814884259 -3.32167175440935 -0.184462338362594
-3.87580944084062 -2.44217894041587 -0.826235699584172
-4.38444038029057 -1.62830026989054 -1.54049064132888
-4.99942972147854 -0.854696395081846 -2.20731003929984
-5.74149011314937 -0.0748052515390196 -2.702900108823
-6.56653002026827 0.735798753906816 -2.93229179653234
-7.39284932854232 1.56666788244233 -2.84552087673342
-8.12955533113474 2.38293809047495 -2.43921168659166
-8.69583390360218 3.13965297416105 -1.74903734641429
-9.03086397112869 3.79231709518383 -0.838903215152002
-9.09756744087331 4.30332303663623 0.209413788594928
-8.88309158432782 4.64561681173149 1.30495570206181
-8.39774096887492 4.80478758627892 2.3547401994161
-7.67312277190809 4.78028094461807 3.26992066355836
-6.7596946723607 4.58605435604176 3.97147649662584
-5.72354321166023 4.25072734044916 4.3958539382344
-4.64187332675873 3.81701866660068 4.50082295145975
-3.5962564379175 3.33990050000895 4.27143071347809
-2.66231790821749 2.88244561523829 3.72496032802778
-1.89494246734454 2.50818693904572 2.9120041341686
-1.31075206390175 2.27010716308341 1.90921361514741
-0.875539798655193 2.20026922875643 0.802508115347753
-0.508258035130103 2.30652820434025 -0.329578795866858
-0.104570202775786 2.57496250098536 -1.41916740000192
0.430128232420153 2.97009182602595 -2.40156112300352
1.15156207883841 3.43485655356183 -3.21132941047588
2.06401556967416 3.89766991843503 -3.78977701289988
3.12676226067468 4.28541510705745 -4.09704508008419
4.26985186183384 4.53515853149263 -4.11918016078673
5.40979837846086 4.60084433350885 -3.8686214624818
6.46155846375543 4.45571784423378 -3.38109770798547
7.34700171931194 4.09238804122291 -2.71147142039997
8.00124545494413 3.52186717938106 -1.92953981598344
8.37817668737227 2.77208877616357 -1.11569417138612
8.45602953632419 1.88564246665865 -0.355618284655569
8.24310035040377 0.915653125436213 0.267381243289247
7.78212693068656 -0.0821966212944301 0.684252344450224
7.14886476822412 -1.06379613885477 0.857719962214947
6.43652781633798 -2.01497634787153 0.803665861322694
5.71933612154294 -2.95540194861054 0.604880827489933
5.00716463769587 -3.89929260243614 0.389805245263327
4.23776367890656 -4.80491312672755 0.267065846738984
3.33908459658119 -5.57853035494506 0.27497748086051

-6.10642001120539 -5.2864178037225 -3.10467741839142
-6.95218234263517 -4.99115971438517 -2.35685927959064
-7.57471912494618 -4.47052729136306 -1.51799673108382
-7.93293042093252 -3.74970858556007 -0.671774305314344
-8.00895699125942 -2.87013763077026 0.0947536696109676
-7.81357085761897 -1.88597629490423 0.698915594372639
-7.39044301786217 -0.856696034274788 1.07416582430103
-6.81515873501208 0.166956156602524 1.18688925611535
-6.18108940419027 1.16301071314544 1.05626370209246
-5.56445883292205 2.14828366599424 0.767168859045585
-4.97704195771738 3.14767871852055 0.452559340278284
-4.35099449490857 4.14113657962363 0.233056839983514
-3.59564140228032 5.0520557928803 0.163941691532942
-2.66935088137432 5.77799023765966 0.235224169597077
-1.59599179606053 6.22858701713103 0.398119779924195
-0.444035385694737 6.34935528814133 0.587437348773114
0.698624874475858 6.12915824466129 0.735536292303247
1.74460718526539 5.59889469805241 0.780781708055267
2.62373352120003 4.82622536865817 0.673676889769481
3.2999362575778 3.90570629475624 0.382830225349029
3.78814860904643 2.94013767890702 -0.0983436809778582
4.16205513264002 2.01124122834835 -0.743637332309448
4.53392065992123 1.1500592239121 -1.48538943080942
5.00262389094919 0.331153672086727 -2.21649657168872
5.60854351170499 -0.495026664961851 -2.81533265602414
6.32790018316269 -1.35729479189909 -3.17777713872415
7.09418044868504 -2.24620519696269 -3.23746550492075
7.82416358289001 -3.12377233348289 -2.97251325127002
8.43769453341372 -3.93976083097072 -2.40181563477083
8.86916033816567 -4.64413079069673 -1.57594834999035
9.07268327971817 -5.19450572255852 -0.567185354415082
9.02366822011996 -5.56020035149726 0.539288836704841
8.71853604084978 -5.72429740227874 1.65267023663716
8.17357400061497 -5.68467530863257 2.68272253695288
7.42324016824727 -5.45441100644447 3.54535114400776
6.51792370358749 -5.0616842567379 4.1679747516515
5.52091195733249 -4.54908824416937 4.49501552938291
4.50399791240099 -3.97197454883104 4.49366966931744
3.54074824469439 -3.39506050116725 4.15962859698106
2.69620660153981 -2.88615629128709 3.52121058594239
2.01259547381961 -2.50624647237016 2.63838557891769
1.49393556678677 -2.29782521079185 1.59238345498667
1.09815107394553 -2.2783964104832 0.467410676891247
0.745314003658824 -2.44496054341545 -0.662514701710999
0.339516465376705 -2.78068140951507 -1.7315086028526
-0.203377836376988 -3.2518022928947 -2.6731933097188
-0.929720382605093 -3.80217612058808 -3.42018687673155
-1.83714447456513 -4.35845579611546 -3.91530317171293
-2.88203257031931 -4.84390508185216 -4.12423380579733
-3.99519640151972 -5.19108282661174 -4.04098697332895
-5.09663734107675 -5.34910467335695 -3.68657095032915
