5.29830770590894 -3.74410379919271 -0.0910376217267643
4.86746443633359 -4.27310617688044 -1.16628130037746
3.9820758512645 -4.39788509993252 -2.07808190272399
2.84818345309826 -4.09649626406844 -2.59903056736997
1.71237399499287 -3.4657312855934 -2.64263764528375
0.659767992690626 -2.67836589798714 -2.38805235644935
-0.453813657050303 -1.90786663328721 -2.2410924666306
-1.59271261755693 -1.23638298255571 -2.32482841677632
-2.66204673315623 -0.537397517264584 -2.43314421588398
-3.55638838196566 0.358151499266124 -2.36885926846434
-4.09444386524147 1.46233199104998 -2.05651648065528
-4.10200128732648 2.62332822714167 -1.53262115973592
-3.50682670685075 3.59431653888112 -0.935626961943716
-2.40213374819261 4.13543230696725 -0.491250943959578
-1.05040724665857 4.17549982984702 -0.455759191123657
0.264347596089572 4.0032057977356 -0.91455564298464
1.42461651263887 3.92848868198657 -1.59594996530068
2.50013519876507 3.73807743023829 -2.27878064457451
3.51324981288045 3.17833118356059 -2.80238932735391
4.31702018372884 2.22321075743526 -3.02955977585376
4.73105725698321 1.02846208502843 -2.89452473017096
4.65447239915444 -0.159996716874868 -2.43131189660003
4.13260630677867 -1.13457207480251 -1.7589067830828
3.3755001850259 -1.93879918647954 -1.00062631092884
2.69266173846737 -2.88233639800458 -0.245153223200865
2.21499073929473 -3.98711677486166 0.347286911522602
1.72875834480551 -5.10204351418051 0.756626163115166
0.980503157911564 -6.07391626503525 1.05566130000938
-0.0841516976618648 -6.71230175846019 1.26597699812351
-1.33241078614642 -6.8494456566489 1.37732423142537
-2.5199034202712 -6.41363336267128 1.38494383198467
-3.36689594885677 -5.46671556828899 1.31005081115297
-3.63641582627681 -4.2126654815542 1.21273607452785
-3.22770287854524 -2.96539255723744 1.20070085171428
-2.27685899094905 -2.01947011025278 1.42755181692088
-1.18801560151009 -1.41052757413836 2.03007490682997
-0.291983951544949 -0.966381041846623 2.90873320107814
0.537109097808355 -0.531342992518323 3.78762795537536
1.50764449096671 0.0133090046876904 4.3947399661641
2.59347502195794 0.653287804191923 4.51882233036482
3.60211916548182 1.27989830505803 4.06842498489899
4.29594025314209 1.75489227428601 3.10815188448852
4.48504858288392 1.96247110802281 1.8535200159993
4.11364052600123 1.85678365314342 0.612275156772948
3.32672123516594 1.49729977343185 -0.400484874952952
2.46694595692272 1.04106710947688 -1.36056539259204
1.84118848979041 0.598213570664257 -2.47186899447218
1.37355318718975 0.0859564886963208 -3.57733031520098
0.842984818829695 -0.641345855407643 -4.48483927385229
0.193419512867479 -1.60351870025114 -4.99970129865134
-0.490062369076323 -2.67100037967517 -4.97908296198142
-1.07029966734888 -3.63932930421129 -4.40345166660018
-1.42457462410991 -4.31317355936484 -3.38991388812612
-1.49510579294197 -4.58181041495469 -2.15000301522288
-1.3289457895959 -4.48447692797544 -0.878475511897605
-1.10524013579078 -4.24259114956099 0.417885254364263
-1.10141674337086 -4.07812955199006 1.80655064934546
-1.53928938732464 -3.75811122128371 3.05353260187983
-2.25611928740043 -3.01142379101699 3.85993618912336
-2.92446103653436 -1.93002185587699 4.06930390176403
-3.30537502204115 -0.7696723159962 3.7012580522179
-3.3021516486736 0.218891019600888 2.90649001332658
-2.94907496008009 0.887501880499376 1.89031243087167
-2.381774999064 1.26084391094292 0.808564128849635
-1.80720976473827 1.56607225397075 -0.336743415220103
-1.45520415716409 2.08978076919391 -1.56286654916421
-1.3369561181441 3.00175580088792 -2.58551166132106
-1.19855219390956 4.23634439543983 -3.04119917042011
-0.900088262636343 5.47361230075362 -2.82378728539237
-0.448362749064557 6.38109733335769 -2.05112331479575
0.0772185800481072 6.75392414865549 -0.962343811757936
0.579621396942197 6.54012966820124 0.172676110821508
0.980161713691961 5.81922597715269 1.12013589686845
1.24483319473295 4.75630069995482 1.73282120008812
1.40771759238512 3.53124135486401 1.98194673993743
1.59681821663115 2.25828861953897 1.95784045073326
2.02396928783415 0.984991290891013 1.83754078476191
2.78611145109972 -0.168513801705342 1.80328851883054
3.72271096643971 -1.11076647413821 1.80004288783463
4.60424349701137 -2.01212898107788 1.54018231228539
5.19076688600955 -2.9330484623463 0.883071866691038
