-3.55700336320684 -12.4251194445762 1.81184343597472
-4.49398350656017 -11.9964882880439 1.27340983752817
-5.25203496798634 -11.3032107832997 0.72818019788704
-5.76735773221189 -10.3991239935418 0.207177084671139
-5.99257297309316 -9.3561459046721 -0.260508989102281
-5.90236617665585 -8.26023096284413 -0.650914950928982
-5.49905671860377 -7.2036464007646 -0.949309234727404
-4.81574045449387 -6.27158371013007 -1.15495968539968
-3.91257624804867 -5.52315901885362 -1.28508508564455
-2.86309780965663 -4.9735959488288 -1.37408578437286
-1.73616288087791 -4.59183714922408 -1.46060302147742
-0.582601897999511 -4.31954746107661 -1.56053168918625
0.571051846234058 -4.0914843563022 -1.65433594574175
1.71345140248989 -3.84100021209686 -1.70888544289101
2.82903432760074 -3.50311201047125 -1.70173537607896
3.88603465168916 -3.02238021258975 -1.62751514865366
4.8350224229127 -2.36268021888381 -1.49525519064085
5.61474429704382 -1.51516998803908 -1.32538539392159
6.1629466837136 -0.50205896370071 -1.14792693192095
6.43000140183696 0.624887837473496 -1.00066791759565
6.3933534482746 1.79208325383874 -0.926033924126076
6.07031996115699 2.92004755067556 -0.965501168526496
5.52416655394308 3.94936635855291 -1.15014633049251
4.8544476514317 4.87149407334001 -1.48524963466513
4.16333916281409 5.73941078619906 -1.92841427906968
3.50677094727384 6.6289365955514 -2.37804868114916
2.87455205379512 7.57780451157864 -2.70274434472669
2.22786234686907 8.55758625203775 -2.79484401099569
1.54406162663299 9.48980445683091 -2.6010772519223
0.828024064837964 10.2805942762858 -2.12329315520455
0.103964039305478 10.8477024195963 -1.40536127140344
-0.594975620737138 11.1334802348447 -0.517738139383601
-1.23429094854258 11.1084283289244 0.455290710632891
-1.7829168035363 10.7703680577222 1.42483972040721
-2.21634800044781 10.1421927060879 2.30403874654479
-2.51901750659579 9.26934173692205 3.01336121846317
-2.68650274350668 8.21692523610775 3.48585858497844
-2.72772304649222 7.06550956208721 3.67311641400429
-2.66675073709874 5.90376845497755 3.55200291089703
-2.54305729215915 4.81584630095779 3.13079601872393
-2.40806858447354 3.86291660952681 2.45103368953339
-2.31552212774593 3.06476550024712 1.58054928093979
-2.30440258060822 2.39593309470112 0.597522633123188
-2.37949291715881 1.80404524220809 -0.428790787589349
-2.50753549754744 1.23162289801835 -1.45211145714304
-2.63832816843118 0.625276667265981 -2.44572044402665
-2.72910918389065 -0.0596314230238801 -3.38483271261735
-2.7538912497932 -0.854041047683943 -4.23410218723239
-2.70198496129372 -1.77070940052394 -4.94669619673393
-2.57450411060564 -2.80063738491623 -5.47000175401484
-2.38219943415238 -3.9117452133394 -5.75394731352392
-2.14440849440068 -5.05089020404918 -5.75982880564055
-1.88819740730021 -6.1491772559397 -5.46819547889276
-1.64706779460544 -7.12999638908524 -4.88489783724508
-1.45880248142571 -7.91955682976822 -4.04460951797238
-1.36189452937894 -8.46019908664908 -3.01042390053054
-1.38968367441132 -8.72638123620867 -1.86631478208801
-1.5610098754323 -8.74020512477099 -0.697461593971982
-1.86597439145694 -8.57518442749541 0.4419945780917
-2.24786118819498 -8.32615782649888 1.55127426039383
-2.60109754845708 -8.04094764947609 2.65941595477706
-2.81196050311339 -7.68666483870254 3.77356224692326
-2.8086179999984 -7.20258368558285 4.84899698549522
-2.57488190447252 -6.55869072910075 5.80232690579067
-2.13832510631303 -5.76783697145225 6.54656310768063
-1.5528318435463 -4.87319962933135 7.01677059141043
-0.883486157843694 -3.93221897856809 7.17989644425734
-0.195503048233082 -3.00356872615875 7.03461847753856
0.453402651264173 -2.13773483575646 6.60624788893395
1.01808697268212 -1.37063681112915 5.93912994596511
1.46896617393391 -0.720152775621913 5.08766302066792
1.79319258436162 -0.186001654655223 4.10699701593811
1.99473736957694 0.246561149037175 3.04489204121882
2.09494879156692 0.59980906569625 1.93614000122927
2.1347837602299 0.89602729581196 0.800658116200685
2.17611922266587 1.15456956696405 -0.351898024578324
2.29429126924523 1.39859877147779 -1.50786814685499
2.55822281432876 1.66680762087941 -2.63360080637977
3.00778184089919 2.01182984991831 -3.67113274765575
3.64009949718785 2.47960300341121 -4.54650554546883
4.41050783978991 3.08943905516524 -5.18655038006108
5.24611296028745 3.82936762972661 -5.53655860103572
6.0631156940828 4.66296241229382 -5.5704257265
6.78066559820225 5.53932489251411 -5.29219542988103
7.32951478602618 6.40180878681085 -4.73265393911304
7.65668192017702 7.19452770091864 -3.9442588991879
7.72776499748766 7.86709608047263 -2.99598875695806
7.52806593352826 8.378322748719 -1.96848529376162
7.06311828200413 8.69945455287938 -0.949231630911635
6.35870379764227 8.81735222244686 -0.0271789375994817
5.45989724374488 8.73768798082727 0.713977127486682
4.42793106760665 8.48774446769859 1.20472582288608
3.3327243071684 8.11745999961449 1.40130686945234
2.23845857935709 7.69590834198515 1.29885281067334
1.18223386758541 7.29888933184918 0.942201451820439
0.15652089776046 6.98373845819292 0.427444416112612
-0.881065200815248 6.75574552672848 -0.114611460172827
-1.96578494182518 6.55277641255746 -0.55605289796365
-3.08665560084701 6.27657118324513 -0.809184659752497
-4.18090310641826 5.84597810485014 -0.838411040282241
-5.15831362793719 5.2257952346079 -0.652075732649629
-5.93129601885971 4.42640351023618 -0.288860951494925
-6.43484424163584 3.49057563056773 0.195452840585025
-6.63512127214098 2.47823354970286 0.739015427795263
-6.53038345719535 1.45282911252094 1.28240399944838
-6.14723358367119 0.469863978939966 1.77502716546881
-5.53360871224772 -0.432500555855457 2.17989922286736
-4.7492293059956 -1.24004159812707 2.47699463470659
-3.85483449583293 -1.96451420016423 2.66543058758684
-2.90285819043346 -2.63939771954564 2.76504014339628
-1.93354449134419 -3.30989596283148 2.81634887941263
-0.982001438412426 -4.0215208599442 2.87197257991396
-0.0959456312629361 -4.81493754557595 2.97176222382051
0.655164444546275 -5.72484269124018 3.11841169139791
1.19335706221819 -6.76339042632261 3.28177404305363
1.45384284797937 -7.90041436095281 3.41955457520844
1.40211688544493 -9.0672134720335 3.49232695371452
1.0401093970474 -10.1767684010488 3.47120709367093
0.402115371379549 -11.1431600188216 3.34049698475419
-0.453676384562185 -11.8937394000691 3.09720592948597
-1.45372685943437 -12.375102607124 2.74920004182308
-2.51626364615365 -12.555439036873 2.31303079487136
