-1.46015514326924 -3.12015814639719 1.3452285161387
-0.315801223204844 -2.85704043284445 1.64085889750845
0.813174318376182 -2.7222571422206 2.01464925294948
1.90665509783392 -2.62157275731736 2.4553198439125
2.97447426335175 -2.44616000922599 2.91333669769015
4.01598230501137 -2.1059865626427 3.32824477406536
4.99858416678148 -1.55194225485231 3.64076417289705
5.86454304775216 -0.781118825253395 3.80129944834246
6.54825048995291 0.168719755296659 3.77644203118005
6.99142497810611 1.2291522806869 3.55230058017211
7.15341614417149 2.31184932677211 3.13502926182342
7.01762625754623 3.31860539474741 2.54956325306827
6.59557536670728 4.15073114313236 1.83723540244931
5.92944974511977 4.71873743583873 1.05224247347054
5.09269802675354 4.9534699228109 0.256096115994366
4.18641009963469 4.81915344297971 -0.491621959918795
3.3270577828581 4.32644244290273 -1.14817378624483
2.62043542591173 3.53912564226976 -1.70816738636464
2.12310621373158 2.5652545499301 -2.21984542716206
1.81525560548042 1.52909155760004 -2.76630919591834
1.62472076349884 0.525211856521876 -3.39874667722676
1.46982690510424 -0.419489512868589 -4.10070829539384
1.27099143893859 -1.33365422134997 -4.81416703682249
0.960435806775203 -2.25554587038592 -5.46667808933059
0.496273064606161 -3.19671039779137 -5.98312516601025
-0.130195084218736 -4.13342537440444 -6.29524551288966
-0.895469644237764 -5.01606690923534 -6.35193975897484
-1.74989440922388 -5.78307390568046 -6.12684126363863
-2.62563331030122 -6.37341255877744 -5.62175475392321
-3.44476629221725 -6.73625806518644 -4.86676036004516
-4.12692988223031 -6.83845297201674 -3.91814854236902
-4.59683172113455 -6.67068925986925 -2.85468507014823
-4.79242038629079 -6.25293018327497 -1.77156837901645
-4.67426202077344 -5.63837329737225 -0.770139550403356
-4.23524293342927 -4.91312574536804 0.0595224142774498
-3.50657001263318 -4.18625704741396 0.664957644643457
-2.55335372186826 -3.56521782983134 1.06175364890693

-3.83144240581223 -2.07826758025662 -3.67018477864508
-2.95873394106455 -2.76753600317842 -3.24371832751211
-2.1218201874155 -3.49949899544167 -2.77726307736911
-1.38170685733605 -4.31335961132788 -2.26119663924892
-0.810343407831218 -5.16635034665677 -1.62062952540941
-0.456943645049884 -5.94712653373701 -0.780901628494133
-0.330087070361021 -6.52404812818223 0.254735266564837
-0.404415342653502 -6.79394311225096 1.40866433993612
-0.632494614264217 -6.70537582362047 2.5673442371357
-0.956266737852372 -6.25976278222979 3.61330622189068
-1.31602528293928 -5.50278376896839 4.44503389918478
-1.65713586521773 -4.51285898622415 4.98905972239347
-1.93572653119581 -3.38780976329799 5.20819245682589
-2.12450774156616 -2.22770507020912 5.10726328547184
-2.21914328883386 -1.11113001295941 4.73468440166273
-2.24388391549584 -0.0669762812585516 4.1753227140483
-2.25215309682524 0.937758957204838 3.53136498035031
-2.3168533511525 1.95714979535698 2.89157554225877
-2.51615549955817 2.98981076886613 2.28949342492952
-2.91412104315329 3.95407309952988 1.68187587652219
-3.51980085064912 4.73078396394444 0.999408830790236
-4.27270871526561 5.21339072987501 0.212600405149868
-5.07051559407406 5.33802730975403 -0.65646711908514
-5.80282248477522 5.09286175339089 -1.55261819235338
-6.37389274257727 4.51252382667371 -2.40766087678727
-6.71441158803888 3.66640435900996 -3.15484948168951
-6.78633733264759 2.64581367568241 -3.73849951382095
-6.58384474959666 1.55105280280053 -4.12056420713614
-6.13142478033723 0.477552840450723 -4.28518245397866
-5.47860147498652 -0.50007998637593 -4.24100902717869
-4.6900198319275 -1.3459763316247 -4.01992047724859

-3.55526113517986 1.86512541707385 -1.58405534967542
-4.33322923009322 1.54124426438176 -0.713629808350803
-5.11530125009551 1.41686873857689 0.19794980652393
-5.76741431662198 1.52197493550919 1.19690907288445
-6.16474901134342 1.83227647434674 2.27384069561839
-6.22759220956022 2.28625875597336 3.36474721355017
-5.9321093775942 2.80588902980445 4.38136685255428
-5.30449013759211 3.31327336550525 5.23757334661231
-4.40806462083053 3.74118494135918 5.86466158649008
-3.32961965620929 4.03864672040222 6.21849331270539
-2.16678766601898 4.17356275522168 6.28209101565424
-1.0160094038296 4.13370426099815 6.06557600389896
0.0400669929557982 3.9263759924673 5.60366174516631
0.946364459285759 3.5762950898135 4.94974554061037
1.68920661531025 3.12098074733965 4.16546510719747
2.30523367716144 2.60413133552461 3.30673678706956
2.8738453151023 2.07083011652077 2.41264529253718
3.4793201966254 1.57086924267714 1.50358263330566
4.15055222055961 1.17174169551238 0.577152669967468
4.82420149010571 0.958703348208448 -0.402012023116965
5.37255273508808 0.988317038428866 -1.46538328054673
5.66926216891993 1.25369532362197 -2.58537615793694
5.63534085206956 1.69754497990111 -3.68188187341699
5.25139654808751 2.23796836418812 -4.65808999240834
4.54966251173195 2.78876824329777 -5.42706981179675
3.59990954421839 3.27202850780495 -5.92518357930608
2.49551915468141 3.62535097144444 -6.11777215297411
1.34042561691424 3.80635136982822 -6.00123749715524
0.235098185887326 3.79594495450393 -5.60296836411161
-0.741040261538711 3.60052254895178 -4.97805881233104
-1.55209074862288 3.25155765071007 -4.19976184150716
-2.22764790871188 2.80078599917139 -3.34168888814587
-2.86150118534827 2.31331290928996 -2.45939557437162
