-0.979408060266404 -3.26454171625261 -4.78544721831566
-0.333450212804462 -4.15879913452022 -5.18286696894318
0.381555850911265 -5.0801241669944 -5.30482119628395
1.1175841967153 -5.97456208172086 -5.11983660744066
1.81500201215454 -6.77746895648733 -4.62330679728217
2.40951623083655 -7.42209883194509 -3.84176338906547
2.83911770666972 -7.84841806373286 -2.83352682207477
3.05072546109374 -8.01167086031534 -1.68649736256212
3.00675695719342 -7.89103791240219 -0.513190073988261
2.69186099631378 -7.49869962888892 0.558570823426508
2.11884020178593 -6.88797076882115 1.40299309939971
1.32971205948085 -6.15495878488451 1.92624232073215
0.384197291515295 -5.42171596579333 2.10803721104816
-0.662627574607211 -4.7918105863314 2.02928397755568
-1.76347773037465 -4.30611422219249 1.81669217253166
-2.87147096588161 -3.93659193452173 1.52811279088607
-3.94456494229728 -3.59465939216226 1.15255528651995
-4.93495708222633 -3.17293088933729 0.670583589130212
-5.77816686334192 -2.5957140309446 0.0871441942339277
-6.40107977266755 -1.83827190086313 -0.562105275514212
-6.74018688262737 -0.922442618701271 -1.21799683315708
-6.75675803187824 0.0955861418712987 -1.80878542129288
-6.4458581256824 1.13854659006329 -2.2605742076868
-5.84059754151248 2.12136384456123 -2.50674939964432
-5.01219722900157 2.96582645414293 -2.49725645552736
-4.06355704122519 3.61872966316119 -2.20821219902065
-3.11051718045225 4.07388099823581 -1.65056154603552
-2.24503870498432 4.39084174264874 -0.874736316866297
-1.48903015219722 4.686461567877 0.0283560720867359
-0.777460117390897 5.07384992990423 0.931856106489551
-0.00796273660652219 5.59270875562664 1.69782445042962
0.880327205442648 6.20260015583966 2.20983772014848
1.87653062685188 6.81933643658789 2.39325293061316
2.91805826822127 7.35082424143602 2.22419081630314
3.9206956185955 7.71937872625723 1.72627495141055
4.80028435733398 7.8715474076419 0.959585761498597
5.48511366603836 7.78033626004514 0.00846013948160914
5.92242951199256 7.44399921730602 -1.02894207015033
6.0819240021121 6.88359326949108 -2.04915145336494
5.95779299084672 6.14006231323758 -2.95076815454073
5.56999256833216 5.27082493725754 -3.64158107016942
4.96463717649856 4.34534942229978 -4.04617839433645
4.2127082746496 3.43869480209705 -4.11452616108644
3.40507109831853 2.62149150390482 -3.83109298265981
2.640494464029 1.94511240023568 -3.22175978466566
2.00403057687248 1.42411852559954 -2.35220646885194
1.54006667897641 1.02683835483255 -1.31204219288662
1.23570105884524 0.690417206355812 -0.19008669793616
1.0293206871917 0.353147776682625 0.946378254932322
0.842642134612119 -0.0324674726761655 2.05758765591553
0.614647883643568 -0.508016339290445 3.1145214933654
0.313741865841079 -1.11036043301835 4.07853859661335
-0.0663278060765009 -1.86180636964516 4.89598426403497
-0.51250120439906 -2.75979796950746 5.50455857326579
-0.996944224657664 -3.7724752398277 5.84502632015168
-1.48135222407879 -4.84103731012941 5.87360000691636
-1.92168033720143 -5.88699871781301 5.57170307175594
-2.27298181058236 -6.82182413884974 4.95185572933606
-2.49392706242807 -7.55725216116307 4.06007339406403
-2.55093715471598 -8.01596172115107 2.97558590917121
-2.42212854669379 -8.14331098143177 1.80775484336743
-2.10098103721504 -7.92091800194091 0.687974712262116
-1.59839986103901 -7.38072795640043 -0.248363595007131
-0.939614689345276 -6.61227284332737 -0.896062688001427
-0.152654995304708 -5.74699294823887 -1.22858254450055
0.737882069436824 -4.90926245645627 -1.32075344032272
1.69367334572711 -4.15916098333377 -1.27116028486462
2.65814225260584 -3.46604807427246 -1.12203281418974
3.56285072516984 -2.73658071699008 -0.891245510770476
4.32792892742528 -1.88437201738851 -0.605749591134269
4.86883993730779 -0.878589901655502 -0.308804897360945
5.11545391659154 0.24935846002128 -0.0571733691700352
5.03453996215844 1.422643234542 0.0868369165110114
4.64740837700832 2.54779575441598 0.0674319458202592
4.03515756259645 3.55613211148238 -0.147392181685806
3.3167614539651 4.45022400211691 -0.541202694972795
2.5871949215826 5.30397929227719 -1.02166466832229
1.8479488252344 6.1737836302709 -1.43475683280759
1.03094982322501 7.02676457070655 -1.64441369454563
0.0978674077772893 7.76250794869239 -1.58846508142704
-0.924044762978098 8.27123367310095 -1.27452485253954
-1.9657183834942 8.47354924309123 -0.756966943963237
-2.9445509919106 8.33306664904752 -0.11547166644683
-3.78217818332422 7.85461138607994 0.560234529932593
-4.41437848370482 7.078270051118 1.18020749500838
-4.79734506300553 6.07315678731406 1.66113425238038
-4.91302273975605 4.9309227750062 1.93252929245188
-4.77439445060439 3.75675642684078 1.94387319148332
-4.4293239522072 2.65404216311478 1.67287363894598
-3.95833636699031 1.69928439473213 1.13225035684675
-3.45924905976497 0.912134723011094 0.369783680216234
-3.01453388787022 0.246272772988578 -0.539896889133731
-2.65018441713097 -0.372386408054336 -1.51135946455399
-2.32423293182373 -1.00207451510375 -2.47307664943494
-1.96718730026827 -1.68140765427962 -3.37330782138122
-1.52621466044967 -2.43369166573404 -4.16280846907142
