8.04886082783526 -1.90794211952355 -4.33846735854835
8.88011997384897 -1.83965237209855 -3.44723090110367
9.39271173904834 -1.64638037807946 -2.35600635318094
9.53565619038396 -1.31739613233721 -1.18801178739737
9.30264957293199 -0.857014661836154 -0.0787852207273316
8.73339408639799 -0.283294908656786 0.843489304102682
7.90727445720704 0.375914676473898 1.47648988519001
6.93053501302131 1.08993300676138 1.76145618109719
5.91339279364508 1.8377947834701 1.70253404086519
4.93320595338646 2.62026871136227 1.38003575329546
4.0059321423677 3.44200100253867 0.925131100376022
3.09332466557995 4.27815273512971 0.47007685465375
2.11744649114862 5.05618360457639 0.125474297425364
1.01884789256063 5.6621369783345 -0.0597199265320279
-0.186375220198331 5.99248238755859 -0.101227026946656
-1.42540087686809 5.99180568253042 -0.043855424374088
-2.60858000792667 5.65192009402791 0.0630142835832933
-3.6500895682437 4.99723409617145 0.172575859660644
-4.47479300884941 4.07578688950654 0.238902493112814
-5.0265340899892 2.95830902426693 0.21422282117061
-5.28819822409765 1.7348015505773 0.0524987600511237
-5.30927683156287 0.490919423550209 -0.272451350606481
-5.20595200492443 -0.734271471020638 -0.732521189174381
-5.09682536206796 -1.95453402878196 -1.23113665163199
-5.0427476146218 -3.19239014852242 -1.63984916192173
-5.04537039561077 -4.4520417036619 -1.82330633575073
-5.06317695786538 -5.69185561561511 -1.67923394939371
-5.04499185414035 -6.82025021560182 -1.17840991745789
-4.94831747993411 -7.73020364827408 -0.35995495779888
-4.74421620495635 -8.33015390384023 0.68733022040562
-4.41954263808355 -8.56172138762496 1.84265593255174
-3.97795590913869 -8.40964703754048 2.97103961918206
-3.43871203657029 -7.9046020476087 3.94278371847732
-2.83276298651477 -7.11733245622472 4.65201648323989
-2.19722289481923 -6.14512996370019 5.02937182268969
-1.57013430543502 -5.09511601043444 5.04568202177283
-0.986886738238638 -4.06964168241118 4.70781882492435
-0.477472284722507 -3.15635595412753 4.05124679305778
-0.0610440139950328 -2.42050678670167 3.13339370547976
0.265228540307425 -1.8938010664483 2.02681175308162
0.536625031820086 -1.56291829362149 0.807767152435982
0.816487049150632 -1.38133125836676 -0.454582569221461
1.1844493934884 -1.30632425025973 -1.69723165435751
1.72237801597799 -1.3133990211931 -2.85403982649114
2.47983247685486 -1.38410165744387 -3.85034471514415
3.45048071202867 -1.49932355663899 -4.61043661567629
4.58193278926265 -1.63779303308177 -5.07011137364337
5.79306420230364 -1.77357856347008 -5.18479046772432
6.98479812843028 -1.87515071536241 -4.93589184982405

9.00523075429703 6.51608857596611 2.01724958996842
8.55864231019863 6.08374224536563 3.04910932344728
7.88045971346439 5.55517076970709 3.89267209235849
7.02102993745512 4.96888295945233 4.50179425484519
6.03580308230408 4.35735390991345 4.84091718092859
4.9855052658729 3.75229337867143 4.88009301878695
3.93863480162241 3.1928804210098 4.59878524812302
2.96853086423899 2.73009385001496 3.99979869579515
2.13684906057072 2.41890924033466 3.12475194013131
1.46484644929886 2.29653163827256 2.05405763706157
0.913571905952258 2.36166797793396 0.885105444479487
0.393885742616396 2.57891461631908 -0.288953599427479
-0.207859614730052 2.89179763448847 -1.38244190616165
-0.985904045118079 3.22091764404383 -2.31915821537523
-1.96486147753809 3.47667849987222 -3.03792975938543
-3.098224349802 3.58573091914206 -3.49946315028205
-4.3019689418185 3.50404049457425 -3.6896477929411
-5.48245068004572 3.21418093105007 -3.61578744881217
-6.54816347845407 2.71777066479254 -3.30172781389826
-7.41281748940437 2.03043585198312 -2.78722334254261
-7.99966105668121 1.18077632096557 -2.13170044267325
-8.25564759067806 0.210198400706711 -1.41714628129467
-8.17927357087363 -0.833665911672352 -0.736258896629279
-7.84264233140315 -1.90954911081561 -0.145153568664418
-7.33084442568299 -2.96193718273664 0.390185181987623
-6.62016156112201 -3.89224809769039 0.907404236965266
-5.66729785233506 -4.62072563071996 1.33550145989461
-4.52584190525182 -5.14714817835721 1.5764200908316
-3.30021586665903 -5.5534741448766 1.63466009432791
-2.05481522471257 -5.88005878165097 1.64919394934126
-0.800727316976227 -6.02106939800196 1.72351984235434
0.429033741328024 -5.86035316134041 1.83381014861304
1.55836474548268 -5.36442301249103 1.90689037336267
2.50129938212517 -4.57099964292307 1.87188237919493
3.18996738700359 -3.56456087687855 1.67321223886817
3.59535892155198 -2.45713916022831 1.27504937109998
3.74958804578841 -1.36087087311636 0.667667104352168
3.75758164130777 -0.343868182743588 -0.123352384329272
3.76507619650827 0.596940031797283 -1.02811581511661
3.89538539460149 1.50791954818486 -1.93959691400491
4.22163930840031 2.43455448648616 -2.74021523056609
4.76551729794965 3.38589909052439 -3.32488869908211
5.49807515636214 4.3260070745803 -3.61385715786443
6.34968900865172 5.19477036289771 -3.56147862992946
7.22716092931502 5.92998151361023 -3.16056972008543
8.03042083968981 6.48038919600172 -2.44184192743335
8.66695848801064 6.81315388569094 -1.46981719903909
9.06449008106338 6.91812904958922 -0.334591567571114
9.18041490984383 6.80842136806714 0.861110175308184

-0.736688393363395 4.84462090283848 3.71190383872811
-1.39901490498491 3.88998546597194 3.32114696457003
-1.85518264297808 2.94734376300031 2.6638169749527
-2.11906776415281 2.10452219035991 1.77343934548853
-2.25941112801406 1.41275420861426 0.707030065800747
-2.38924380864817 0.860654471168351 -0.462219155976272
-2.62655754762995 0.393492511844009 -1.65100771469807
-3.06446869502292 -0.0452877309644116 -2.76884785263655
-3.74719302798253 -0.495340592624564 -3.71870861351565
-4.65073108057897 -0.972171283573213 -4.412372422775
-5.70140893994485 -1.46659453870405 -4.79542904045524
-6.812672994537 -1.95349554134995 -4.85452225167314
-7.90788081275882 -2.40156028431827 -4.60483347986478
-8.92301021755644 -2.77966709579637 -4.07431610378391
-9.79919492196364 -3.0603866055432 -3.29659453589491
-10.4764746503288 -3.22274116800236 -2.31386489147246
-10.895038295268 -3.2556807449091 -1.18431740353519
-11.0043513031391 -3.161979530094 0.0130379229960923
-10.7761113780917 -2.96083432400614 1.18110766099243
-10.2149908316122 -2.68741446447531 2.21557657600463
-9.36241839206924 -2.38885686645727 3.02011381752934
-8.29246090944856 -2.11775137063224 3.52058340096034
-7.10196706533292 -1.92479715532776 3.67490118665056
-5.89707204881094 -1.85165637755011 3.4782913464997
-4.77497210168613 -1.92471213992965 2.96496496491239
-3.79801086342151 -2.15249068242737 2.20524963154787
-2.96678713416073 -2.52936191205056 1.29749509554954
-2.21610577803741 -3.03480331668749 0.356978359952165
-1.43932715801905 -3.61519414999718 -0.502747476264604
-0.531166806434385 -4.16973193867844 -1.19686507968793
0.546472960833315 -4.57256990962783 -1.68388769349819
1.7441170774958 -4.71751263128599 -1.96042275525775
2.96149370789105 -4.5440288939571 -2.05228316619944
4.08708940887451 -4.04003723067674 -2.0077156724357
5.02668242339273 -3.23719146177699 -1.89301790787863
5.73592107214705 -2.20501485827548 -1.78471264738571
6.25908846785248 -1.03685936619238 -1.73429425256206
6.69361279791763 0.180903523736583 -1.68444351677273
7.02135532377082 1.40627480198718 -1.48451092944365
7.11180559442101 2.61119898789048 -1.08038613927069
6.89240853291512 3.75176844247604 -0.550147051794534
6.41901164439962 4.80798258502626 0.0106668129405439
5.80302266489381 5.75854970218536 0.606226494650496
5.066194777457 6.51372727021731 1.28741396643113
4.18706231967279 6.97820557094848 2.02225552674604
3.18912512413092 7.10914926349654 2.72122585432441
2.13119423532223 6.91402616010938 3.29582223782631
1.08160644411763 6.43185111310046 3.67955830276836
0.106035805270608 5.71909342842338 3.82751469933851
