t omega_stable omega_unstable Omega_stable_ref Omega_unstable_ref
0.0020000000 0.9488847242 1.1140089124 0.9488847242 1.1140089124
0.2020000000 0.9462185924 1.1167271129 0.9488847242 1.1140089124
0.4020000000 0.9421744749 1.1213895624 0.9488847242 1.1140089124
0.6020000000 0.9427235431 1.1220118939 0.9488847242 1.1140089124
0.8020000000 0.9474653280 1.1182272583 0.9488847242 1.1140089124
1.0020000000 0.9501789193 1.1157858055 0.9488847242 1.1140089124
1.2020000000 0.9474129719 1.1186411109 0.9488847242 1.1140089124
1.4020000000 0.9432762551 1.1234472155 0.9488847242 1.1140089124
1.6020000000 0.9437416165 1.1242308775 0.9488847242 1.1140089124
1.8020000000 0.9484073364 1.1206293127 0.9488847242 1.1140089124
2.0020000000 0.9510497792 1.1183835381 0.9488847242 1.1140089124
2.2020000000 0.9482166380 1.1214383684 0.9488847242 1.1140089124
2.4020000000 0.9440175932 1.1264532169 0.9488847242 1.1140089124
2.6020000000 0.9444265953 1.1274713978 0.9488847242 1.1140089124
2.8020000000 0.9490410931 1.1241361689 0.9488847242 1.1140089124
3.0020000000 0.9516356392 1.1221748065 0.9488847242 1.1140089124
3.2020000000 0.9487572819 1.1255188150 0.9488847242 1.1140089124
3.4020000000 0.9445162989 1.1308355154 0.9488847242 1.1140089124
3.6020000000 0.9448873712 1.1321930038 0.9488847242 1.1140089124
3.8020000000 0.9494673929 1.1292435613 0.9488847242 1.1140089124
4.0020000000 0.9520297076 1.1276935705 0.9488847242 1.1140089124
4.2020000000 0.9491209311 1.1314540301 0.9488847242 1.1140089124
4.4020000000 0.9448517356 1.1372039107 0.9488847242 1.1140089124
4.6020000000 0.9451972885 1.1390486936 0.9488847242 1.1140089124
4.8020000000 0.9497541127 1.1366542088 0.9488847242 1.1140089124
5.0020000000 0.9522947434 1.1356946080 0.9488847242 1.1140089124
5.2020000000 0.9493655056 1.1400487277 0.9488847242 1.1140089124
5.4020000000 0.9450773340 1.1464127116 0.9488847242 1.1140089124
5.6020000000 0.9454057205 1.1489490009 0.9488847242 1.1140089124
5.8020000000 0.9499469395 1.1473438741 0.9488847242 1.1140089124
6.0020000000 0.9524729843 1.1472208284 0.9488847242 1.1140089124
6.2020000000 0.9495299850 1.1524071368 0.9488847242 1.1140089124
6.4020000000 0.9452290509 1.1596242644 0.9488847242 1.1140089124
6.6020000000 0.9455458913 1.1631224586 0.9488847242 1.1140089124
6.8020000000 0.9500766141 1.1626189519 0.9488847242 1.1140089124
7.0020000000 0.9525928487 1.1636557961 0.9488847242 1.1140089124
7.2020000000 0.9496405945 1.1699755587 0.9488847242 1.1140089124
7.4020000000 0.9453310775 1.1783370304 0.9488847242 1.1140089124
7.6020000000 0.9456401529 1.1831275326 0.9488847242 1.1140089124
7.8020000000 0.9501638163 1.1841110022 0.9488847242 1.1140089124
8.0020000000 0.9526734534 1.1866952300 0.9488847242 1.1140089124
8.2020000000 0.9497149753 1.1944804176 0.9488847242 1.1140089124
8.4020000000 0.9453996865 1.2042804875 0.9488847242 1.1140089124
8.6020000000 0.9457035398 1.2106992223 0.9488847242 1.1140089124
8.8020000000 0.9502224557 1.2135699994 0.9488847242 1.1140089124
9.0020000000 0.9527276561 1.2180743831 0.9488847242 1.1140089124
9.2020000000 0.9497649927 1.2275700920 0.9488847242 1.1140089124
9.4020000000 0.9454458225 1.2389537650 0.9488847242 1.1140089124
9.6020000000 0.9457461641 1.2471737263 0.9488847242 1.1140089124
9.8020000000 0.9502618875 1.2521635002 0.9488847242 1.1140089124
10.0020000000 0.9527641042 1.2587203260 0.9488847242 1.1140089124
10.2020000000 0.9497986264 1.2697930899 0.9488847242 1.1140089124
10.4020000000 0.9454768463 1.2824099036 0.9488847242 1.1140089124
10.6020000000 0.9457748264 1.2920685301 0.9488847242 1.1140089124
10.8020000000 0.9502884029 1.2988411733 0.9488847242 1.1140089124
11.0020000000 0.9527886133 1.3068867075 0.9488847242 1.1140089124
11.2020000000 0.9498212429 1.3185012494 0.9488847242 1.1140089124
11.4020000000 0.9454977077 1.3309484995 0.9488847242 1.1140089124
11.6020000000 0.9457940999 1.3405944451 0.9488847242 1.1140089124
11.8020000000 0.9503062327 1.3476975850 0.9488847242 1.1140089124
12.0020000000 0.9528050939 1.3554301455 0.9488847242 1.1140089124
12.2020000000 0.9498364509 1.3651653028 0.9488847242 1.1140089124
12.4020000000 0.9455117356 1.3746326745 0.9488847242 1.1140089124
12.6020000000 0.9458070599 1.3815150824 0.9488847242 1.1140089124
12.8020000000 0.9503182219 1.3863098578 0.9488847242 1.1140089124
13.0020000000 0.9528161760 1.3908425754 0.9488847242 1.1140089124
13.2020000000 0.9498466772 1.3954091853 0.9488847242 1.1140089124
13.4020000000 0.9455211683 1.3985949253 0.9488847242 1.1140089124
13.6020000000 0.9458157746 1.3998566515 0.9488847242 1.1140089124
13.8020000000 0.9503262838 1.3999259857 0.9488847242 1.1140089124
14.0020000000 0.9528236279 1.3990359108 0.9488847242 1.1140089124
14.2020000000 0.9498535537 1.3964600718 0.9488847242 1.1140089124
14.4020000000 0.9455275111 1.3919955854 0.9488847242 1.1140089124
14.6020000000 0.9458216346 1.3870158420 0.9488847242 1.1140089124
14.8020000000 0.9503317049 1.3823176556 0.9488847242 1.1140089124
15.0020000000 0.9528286387 1.3764764168 0.9488847242 1.1140089124
15.2020000000 0.9498581776 1.3679145315 0.9488847242 1.1140089124
15.4020000000 0.9455317762 1.3576699708 0.9488847242 1.1140089124
15.6020000000 0.9458255750 1.3487033887 0.9488847242 1.1140089124
15.8020000000 0.9503353501 1.3416229346 0.9488847242 1.1140089124
16.0020000000 0.9528320081 1.3335034482 0.9488847242 1.1140089124
16.2020000000 0.9498612868 1.3221121054 0.9488847242 1.1140089124
16.4020000000 0.9455346441 1.3094683136 0.9488847242 1.1140089124
16.6020000000 0.9458282246 1.2996038464 0.9488847242 1.1140089124
16.8020000000 0.9503378013 1.2928190843 0.9488847242 1.1140089124
17.0020000000 0.9528342738 1.2850373537 0.9488847242 1.1140089124
17.2020000000 0.9498633775 1.2735766309 0.9488847242 1.1140089124
17.4020000000 0.9455365726 1.2611330543 0.9488847242 1.1140089124
17.6020000000 0.9458300063 1.2523997522 0.9488847242 1.1140089124
17.8020000000 0.9503394495 1.2474103627 0.9488847242 1.1140089124
18.0020000000 0.9528357972 1.2413216503 0.9488847242 1.1140089124
18.2020000000 0.9498647833 1.2311787346 0.9488847242 1.1140089124
18.4020000000 0.9455378693 1.2201204834 0.9488847242 1.1140089124
18.6020000000 0.9458312044 1.2132448033 0.9488847242 1.1140089124
18.8020000000 0.9503405578 1.2104093137 0.9488847242 1.1140089124
19.0020000000 0.9528368217 1.2063019339 0.9488847242 1.1140089124
19.2020000000 0.9498657287 1.1978132552 0.9488847242 1.1140089124
19.4020000000 0.9455387413 1.1883660742 0.9488847242 1.1140089124
19.6020000000 0.9458320099 1.1833095152 0.9488847242 1.1140089124
19.8020000000 0.9503413030 1.1823984732 0.9488847242 1.1140089124
20.0020000000 0.9528375105 1.1800430808 0.9488847242 1.1140089124
20.2020000000 0.9524629488 1.1755406851 0.9488847242 1.1140089124
20.4020000000 0.9518170170 1.1716202562 0.9488847242 1.1140089124
20.6020000000 0.9510637196 1.1681647759 0.9488847242 1.1140089124
20.8020000000 0.9505991733 1.1648046752 0.9488847242 1.1140089124
21.0020000000 0.9504962729 1.1614097543 0.9488847242 1.1140089124
21.2020000000 0.9503956365 1.1582547105 0.9488847242 1.1140089124
21.4020000000 0.9499954710 1.1556228005 0.9488847242 1.1140089124
21.6020000000 0.9494624286 1.1533949910 0.9488847242 1.1140089124
21.8020000000 0.9491950462 1.1511982432 0.9488847242 1.1140089124
22.0020000000 0.9492684836 1.1489051678 0.9488847242 1.1140089124
22.2020000000 0.9493254467 1.1467982223 0.9488847242 1.1140089124
22.4020000000 0.9490659851 1.1451663145 0.9488847242 1.1140089124
22.6020000000 0.9486583850 1.1438914255 0.9488847242 1.1140089124
22.8020000000 0.9485026897 1.1426010934 0.9488847242 1.1140089124
23.0020000000 0.9486754442 1.1411718203 0.9488847242 1.1140089124
23.2020000000 0.9488206037 1.1398918523 0.9488847242 1.1140089124
23.4020000000 0.9486393250 1.1390542063 0.9488847242 1.1140089124
23.6020000000 0.9483009006 1.1385430392 0.9488847242 1.1140089124
23.8020000000 0.9482063106 1.1379887529 0.9488847242 1.1140089124
24.0020000000 0.9484329409 1.1372721084 0.9488847242 1.1140089124
24.2020000000 0.9486254839 1.1366851425 0.9488847242 1.1140089124
24.4020000000 0.9484857529 1.1365231800 0.9488847242 1.1140089124
24.6020000000 0.9481836574 1.1366730807 0.9488847242 1.1140089124
24.8020000000 0.9481207586 1.1367699822 0.9488847242 1.1140089124
25.0020000000 0.9483749474 1.1366993037 0.9488847242 1.1140089124
25.2020000000 0.9485913427 1.1367549417 0.9488847242 1.1140089124
25.4020000000 0.9484721413 1.1372325306 0.9488847242 1.1140089124
25.6020000000 0.9481876280 1.1380220335 0.9488847242 1.1140089124
25.8020000000 0.9481397221 1.1387654942 0.9488847242 1.1140089124
26.0020000000 0.9484066138 1.1393537255 0.9488847242 1.1140089124
26.2020000000 0.9486336629 1.1400803466 0.9488847242 1.1140089124
26.4020000000 0.9485232846 1.1412387606 0.9488847242 1.1140089124
26.6020000000 0.9482459901 1.1427224304 0.9488847242 1.1140089124
26.8020000000 0.9482039175 1.1441832193 0.9488847242 1.1140089124
27.0020000000 0.9484754315 1.1455184799 0.9488847242 1.1140089124
27.2020000000 0.9487060225 1.1470185850 0.9488847242 1.1140089124
27.4020000000 0.9485982268 1.1489708354 0.9488847242 1.1140089124
27.6020000000 0.9483226897 1.1512723951 0.9488847242 1.1140089124
27.8020000000 0.9482816822 1.1535889026 0.9488847242 1.1140089124
28.0020000000 0.9485536681 1.1558256282 0.9488847242 1.1140089124
28.2020000000 0.9487842047 1.1582647012 0.9488847242 1.1140089124
28.4020000000 0.9486758920 1.1611806541 0.9488847242 1.1140089124
28.6020000000 0.9483994539 1.1644737446 0.9488847242 1.1140089124
28.8020000000 0.9483572407 1.1678284639 0.9488847242 1.1140089124
29.0020000000 0.9486277707 1.1711589689 0.9488847242 1.1140089124
29.2020000000 0.9488566323 1.1747300294 0.9488847242 1.1140089124
29.4020000000 0.9487464564 1.1787915688 0.9488847242 1.1140089124
29.6020000000 0.9484680115 1.1832444125 0.9488847242 1.1140089124
29.8020000000 0.9484236950 1.1877978507 0.9488847242 1.1140089124
30.0020000000 0.9486920536 1.1923742313 0.9488847242 1.1140089124
30.2020000000 0.9489186869 1.1972049354 0.9488847242 1.1140089124
30.4020000000 0.9488062387 1.2024957452 0.9488847242 1.1140089124
30.6020000000 0.9485255024 1.2081429064 0.9488847242 1.1140089124
30.8020000000 0.9484789024 1.2138873535 0.9488847242 1.1140089124
31.0020000000 0.9487449987 1.2196565051 0.9488847242 1.1140089124
31.2020000000 0.9489693926 1.2256248465 0.9488847242 1.1140089124
31.4020000000 0.9488547310 1.2319286295 0.9488847242 1.1140089124
31.6020000000 0.9485718205 1.2384554752 0.9488847242 1.1140089124
31.8020000000 0.9485231003 1.2449889213 0.9488847242 1.1140089124
32.0020000000 0.9487871362 1.2514600473 0.9488847242 1.1140089124
32.2020000000 0.9490095259 1.2579651163 0.9488847242 1.1140089124
32.4020000000 0.9488929151 1.2645546350 0.9488847242 1.1140089124
32.6020000000 0.9486081164 1.2711177864 0.9488847242 1.1140089124
32.8020000000 0.9485575775 1.2775037042 0.9488847242 1.1140089124
33.0020000000 0.9488198653 1.2836585598 0.9488847242 1.1140089124
33.2020000000 0.9490405723 1.2896027202 0.9488847242 1.1140089124
33.4020000000 0.9489223407 1.2953165263 0.9488847242 1.1140089124
33.6020000000 0.9486359860 1.3007233100 0.9488847242 1.1140089124
33.8020000000 0.9485839598 1.3057682914 0.9488847242 1.1140089124
34.0020000000 0.9488448283 1.3104349948 0.9488847242 1.1140089124
34.2020000000 0.9490641784 1.3146956849 0.9488847242 1.1140089124
34.4020000000 0.9489446486 1.3184969837 0.9488847242 1.1140089124
34.6020000000 0.9486570549 1.3218215123 0.9488847242 1.1140089124
34.8020000000 0.9486038510 1.3247148284 0.9488847242 1.1140089124
35.0020000000 0.9488636010 1.3272014996 0.9488847242 1.1140089124
35.2020000000 0.9490818872 1.3292239060 0.9488847242 1.1140089124
35.4020000000 0.9489613443 1.3307096309 0.9488847242 1.1140089124
35.6020000000 0.9486727880 1.3316876128 0.9488847242 1.1140089124
35.8020000000 0.9486186726 1.3322733606 0.9488847242 1.1140089124
36.0020000000 0.9488775603 1.3325141862 0.9488847242 1.1140089124
36.2020000000 0.9490950293 1.3323211780 0.9488847242 1.1140089124
36.4020000000 0.9489737109 1.3315966675 0.9488847242 1.1140089124
36.6020000000 0.9486844202 1.3303936087 0.9488847242 1.1140089124
36.8020000000 0.9486296115 1.3288738663 0.9488847242 1.1140089124
37.0020000000 0.9488878453 1.3270977916 0.9488847242 1.1140089124
37.2020000000 0.9491046962 1.3249457044 0.9488847242 1.1140089124
37.4020000000 0.9489827930 1.3222940071 0.9488847242 1.1140089124
37.6020000000 0.9486929499 1.3192158156 0.9488847242 1.1140089124
37.8020000000 0.9486376211 1.3159177056 0.9488847242 1.1140089124
38.0020000000 0.9488953653 1.3124752899 0.9488847242 1.1140089124
38.2020000000 0.9491117545 1.3087420863 0.9488847242 1.1140089124
38.4020000000 0.9489894155 1.3045724675 0.9488847242 1.1140089124
38.6020000000 0.9486991616 1.3000625502 0.9488847242 1.1140089124
38.8020000000 0.9486434466 1.2954640145 0.9488847242 1.1140089124
39.0020000000 0.9489008281 1.2908659638 0.9488847242 1.1140089124
39.2020000000 0.9491168759 1.2860939212 0.9488847242 1.1140089124
39.4020000000 0.9489942152 1.2809797068 0.9488847242 1.1140089124
39.6020000000 0.9487036585 1.2756387451 0.9488847242 1.1140089124
39.8020000000 0.9486476595 1.2703592916 0.9488847242 1.1140089124
40.0020000000 0.9489047745 1.2652351960 0.9488847242 1.1140089124
40.2020000000 0.9491917414 1.2601113603 0.9488847242 1.1140089124
40.4020000000 0.9494184417 1.2549687442 0.9488847242 1.1140089124
40.6020000000 0.9495720093 1.2498461306 0.9488847242 1.1140089124
40.8020000000 0.9496653871 1.2447644435 0.9488847242 1.1140089124
41.0020000000 0.9497312566 1.2397260520 0.9488847242 1.1140089124
41.2020000000 0.9497871775 1.2347381573 0.9488847242 1.1140089124
41.4020000000 0.9498202482 1.2298279773 0.9488847242 1.1140089124
41.6020000000 0.9498127120 1.2250278415 0.9488847242 1.1140089124
41.8020000000 0.9497731865 1.2203504306 0.9488847242 1.1140089124
42.0020000000 0.9497305324 1.2157887482 0.9488847242 1.1140089124
42.2020000000 0.9496989417 1.2113414881 0.9488847242 1.1140089124
42.4020000000 0.9496625518 1.2070289252 0.9488847242 1.1140089124
42.6020000000 0.9496010042 1.2028768054 0.9488847242 1.1140089124
42.8020000000 0.9495206314 1.1988904406 0.9488847242 1.1140089124
43.0020000000 0.9494482915 1.1950551992 0.9488847242 1.1140089124
43.2020000000 0.9493964270 1.1913632344 0.9488847242 1.1140089124
43.4020000000 0.9493476526 1.1878297416 0.9488847242 1.1140089124
43.6020000000 0.9492802841 1.1844759179 0.9488847242 1.1140089124
43.8020000000 0.9491995013 1.1813022804 0.9488847242 1.1140089124
44.0020000000 0.9491311632 1.1782895282 0.9488847242 1.1140089124
44.2020000000 0.9490868515 1.1754261058 0.9488847242 1.1140089124
44.4020000000 0.9490484415 1.1727245758 0.9488847242 1.1140089124
44.6020000000 0.9489936149 1.1702039275 0.9488847242 1.1140089124
44.8020000000 0.9489270087 1.1678624692 0.9488847242 1.1140089124
45.0020000000 0.9488740209 1.1656789671 0.9488847242 1.1140089124
45.2020000000 0.9488458442 1.1636406181 0.9488847242 1.1140089124
45.4020000000 0.9488240279 1.1617593412 0.9488847242 1.1140089124
45.6020000000 0.9487859807 1.1600537038 0.9488847242 1.1140089124
45.8020000000 0.9487361143 1.1585217397 0.9488847242 1.1140089124
46.0020000000 0.9486996422 1.1571423192 0.9488847242 1.1140089124
46.2020000000 0.9486876089 1.1559031513 0.9488847242 1.1140089124
46.4020000000 0.9486814451 1.1548167948 0.9488847242 1.1140089124
46.6020000000 0.9486584670 1.1539024581 0.9488847242 1.1140089124
46.8020000000 0.9486230164 1.1531591245 0.9488847242 1.1140089124
47.0020000000 0.9486002573 1.1525671454 0.9488847242 1.1140089124
47.2020000000 0.9486012003 1.1521158670 0.9488847242 1.1140089124
47.4020000000 0.9486072552 1.1518191034 0.9488847242 1.1140089124
47.6020000000 0.9485957285 1.1516970723 0.9488847242 1.1140089124
47.8020000000 0.9485709625 1.1517502912 0.9488847242 1.1140089124
48.0020000000 0.9485581304 1.1519614160 0.9488847242 1.1140089124
48.2020000000 0.9485682582 1.1523219816 0.9488847242 1.1140089124
48.4020000000 0.9485827747 1.1528469614 0.9488847242 1.1140089124
48.6020000000 0.9485790095 1.1535571421 0.9488847242 1.1140089124
48.8020000000 0.9485613319 1.1544544173 0.9488847242 1.1140089124
49.0020000000 0.9485549454 1.1555239175 0.9488847242 1.1140089124
49.2020000000 0.9485709074 1.1567591514 0.9488847242 1.1140089124
49.4020000000 0.9485906778 1.1581750892 0.9488847242 1.1140089124
49.6020000000 0.9485916175 1.1597913868 0.9488847242 1.1140089124
49.8020000000 0.9485781288 1.1616099631 0.9488847242 1.1140089124
50.0020000000 0.9485754485 1.1636174853 0.9488847242 1.1140089124
50.2020000000 0.9485946659 1.1658078899 0.9488847242 1.1140089124
50.4020000000 0.9486172718 1.1681932161 0.9488847242 1.1140089124
50.6020000000 0.9486206561 1.1707883053 0.9488847242 1.1140089124
50.8020000000 0.9486092507 1.1735919068 0.9488847242 1.1140089124
51.0020000000 0.9486083213 1.1765895761 0.9488847242 1.1140089124
51.2020000000 0.9486289847 1.1797722435 0.9488847242 1.1140089124
51.4020000000 0.9486527562 1.1831439610 0.9488847242 1.1140089124
51.6020000000 0.9486570496 1.1867090825 0.9488847242 1.1140089124
51.8020000000 0.9486463197 1.1904584736 0.9488847242 1.1140089124
52.0020000000 0.9486458551 1.1943728188 0.9488847242 1.1140089124
52.2020000000 0.9486667929 1.1984358756 0.9488847242 1.1140089124
52.4020000000 0.9486906671 1.2026386814 0.9488847242 1.1140089124
52.6020000000 0.9486949088 1.2069706094 0.9488847242 1.1140089124
52.8020000000 0.9486839894 1.2114120606 0.9488847242 1.1140089124
53.0020000000 0.9486832138 1.2159379163 0.9488847242 1.1140089124
53.2020000000 0.9487037339 1.2205246285 0.9488847242 1.1140089124
53.4020000000 0.9487270962 1.2251511915 0.9488847242 1.1140089124
53.6020000000 0.9487307434 1.2297950613 0.9488847242 1.1140089124
53.8020000000 0.9487191589 1.2344312637 0.9488847242 1.1140089124
54.0020000000 0.9487176580 1.2390351585 0.9488847242 1.1140089124
54.2020000000 0.9487374025 1.2435834160 0.9488847242 1.1140089124
54.4020000000 0.9487599472 1.2480524391 0.9488847242 1.1140089124
54.6020000000 0.9487627422 1.2524185609 0.9488847242 1.1140089124
54.8020000000 0.9487502781 1.2566616315 0.9488847242 1.1140089124
55.0020000000 0.9487478773 1.2607662574 0.9488847242 1.1140089124
55.2020000000 0.9487667075 1.2647177791 0.9488847242 1.1140089124
55.4020000000 0.9487883284 1.2684988346 0.9488847242 1.1140089124
55.6020000000 0.9487901947 1.2720923304 0.9488847242 1.1140089124
55.8020000000 0.9487768010 1.2754876055 0.9488847242 1.1140089124
56.0020000000 0.9487734740 1.2786804168 0.9488847242 1.1140089124
56.2020000000 0.9487913848 1.2816656774 0.9488847242 1.1140089124
56.4020000000 0.9488120958 1.2844328296 0.9488847242 1.1140089124
56.6020000000 0.9488130637 1.2869706366 0.9488847242 1.1140089124
56.8020000000 0.9487987857 1.2892752850 0.9488847242 1.1140089124
57.0020000000 0.9487945906 1.2913499235 0.9488847242 1.1140089124
57.2020000000 0.9488116511 1.2931953375 0.9488847242 1.1140089124
57.4020000000 0.9488315308 1.2948044268 0.9488847242 1.1140089124
57.6020000000 0.9488316874 1.2961684740 0.9488847242 1.1140089124
57.8020000000 0.9488166190 1.2972871490 0.9488847242 1.1140089124
58.0020000000 0.9488116554 1.2981679668 0.9488847242 1.1140089124
58.2020000000 0.9488279698 1.2988151373 0.9488847242 1.1140089124
58.4020000000 0.9488471262 1.2992230892 0.9488847242 1.1140089124
58.6020000000 0.9488465822 1.2993841348 0.9488847242 1.1140089124
58.8020000000 0.9488308362 1.2993004353 0.9488847242 1.1140089124
59.0020000000 0.9488252182 1.2989833709 0.9488847242 1.1140089124
59.2020000000 0.9488409014 1.2984404021 0.9488847242 1.1140089124
59.4020000000 0.9488594494 1.2976675158 0.9488847242 1.1140089124
59.6020000000 0.9488583196 1.2966583389 0.9488847242 1.1140089124
59.8020000000 0.9488420101 1.2954181407 0.9488847242 1.1140089124
60.0020000000 0.9488358506 1.2939630030 0.9488847242 1.1140089124
60.2020000000 0.9488524244 1.2923051704 0.9488847242 1.1140089124
60.4020000000 0.9488874356 1.2904505969 0.9488847242 1.1140089124
60.6020000000 0.9489342954 1.2884061538 0.9488847242 1.1140089124
60.8020000000 0.9489868158 1.2861800562 0.9488847242 1.1140089124
61.0020000000 0.9490412010 1.2837807764 0.9488847242 1.1140089124
61.2020000000 0.9490960765 1.2812166765 0.9488847242 1.1140089124
61.4020000000 0.9491503023 1.2784968803 0.9488847242 1.1140089124
61.6020000000 0.9492014095 1.2756321472 0.9488847242 1.1140089124
61.8020000000 0.9492466644 1.2726344291 0.9488847242 1.1140089124
62.0020000000 0.9492851517 1.2695155905 0.9488847242 1.1140089124
62.2020000000 0.9493178845 1.2662869612 0.9488847242 1.1140089124
62.4020000000 0.9493456868 1.2629602776 0.9488847242 1.1140089124
62.6020000000 0.9493676920 1.2595486100 0.9488847242 1.1140089124
62.8020000000 0.9493824604 1.2560658266 0.9488847242 1.1140089124
63.0020000000 0.9493901090 1.2525251638 0.9488847242 1.1140089124
63.2020000000 0.9493924612 1.2489387486 0.9488847242 1.1140089124
63.4020000000 0.9493909649 1.2453186492 0.9488847242 1.1140089124
63.6020000000 0.9493852212 1.2416778898 0.9488847242 1.1140089124
63.8020000000 0.9493741281 1.2380298747 0.9488847242 1.1140089124
64.0020000000 0.9493580324 1.2343868767 0.9488847242 1.1140089124
64.2020000000 0.9493388990 1.2307595868 0.9488847242 1.1140089124
64.4020000000 0.9493182454 1.2271583002 0.9488847242 1.1140089124
64.6020000000 0.9492956848 1.2235940367 0.9488847242 1.1140089124
64.8020000000 0.9492700814 1.2200779601 0.9488847242 1.1140089124
65.0020000000 0.9492417127 1.2166198345 0.9488847242 1.1140089124
65.2020000000 0.9492124468 1.2132276248 0.9488847242 1.1140089124
65.4020000000 0.9491836851 1.2099088059 0.9488847242 1.1140089124
65.6020000000 0.9491549103 1.2066715675 0.9488847242 1.1140089124
65.8020000000 0.9491248474 1.2035242370 0.9488847242 1.1140089124
66.0020000000 0.9490936297 1.2004737229 0.9488847242 1.1140089124
66.2020000000 0.9490629793 1.1975251625 0.9488847242 1.1140089124
66.4020000000 0.9490341524 1.1946833096 0.9488847242 1.1140089124
66.6020000000 0.9490064900 1.1919537820 0.9488847242 1.1140089124
66.8020000000 0.9489785801 1.1893424772 0.9488847242 1.1140089124
67.0020000000 0.9489504244 1.1868540172 0.9488847242 1.1140089124
67.2020000000 0.9489236206 1.1844914275 0.9488847242 1.1140089124
67.4020000000 0.9488993080 1.1822575515 0.9488847242 1.1140089124
67.6020000000 0.9488767184 1.1801562888 0.9488847242 1.1140089124
67.8020000000 0.9488543385 1.1781919980 0.9488847242 1.1140089124
68.0020000000 0.9488320769 1.1763679618 0.9488847242 1.1140089124
68.2020000000 0.9488114464 1.1746860894 0.9488847242 1.1140089124
68.4020000000 0.9487935088 1.1731482999 0.9488847242 1.1140089124
68.6020000000 0.9487774264 1.1717576995 0.9488847242 1.1140089124
68.8020000000 0.9487616233 1.1705179702 0.9488847242 1.1140089124
69.0020000000 0.9487459527 1.1694318906 0.9488847242 1.1140089124
69.2020000000 0.9487318784 1.1685010575 0.9488847242 1.1140089124
69.4020000000 0.9487204194 1.1677271766 0.9488847242 1.1140089124
69.6020000000 0.9487107007 1.1671131125 0.9488847242 1.1140089124
69.8020000000 0.9487011149 1.1666622711 0.9488847242 1.1140089124
70.0020000000 0.9486914880 1.1663772240 0.9488847242 1.1140089124
70.2020000000 0.9486832615 1.1662594517 0.9488847242 1.1140089124
70.4019999999 0.9486774361 1.1663104612 0.9488847242 1.1140089124
70.6019999999 0.9486731225 1.1665326307 0.9488847242 1.1140089124
70.8019999999 0.9486687016 1.1669285984 0.9488847242 1.1140089124
71.0019999999 0.9486639918 1.1675000637 0.9488847242 1.1140089124
71.2019999999 0.9486604288 1.1682475597 0.9488847242 1.1140089124
71.4019999999 0.9486590105 1.1691713105 0.9488847242 1.1140089124
71.6019999999 0.9486588467 1.1702718000 0.9488847242 1.1140089124
71.8019999999 0.9486583193 1.1715492157 0.9488847242 1.1140089124
72.0019999999 0.9486572491 1.1730025355 0.9488847242 1.1140089124
72.2019999999 0.9486570761 1.1746293708 0.9488847242 1.1140089124
72.4019999999 0.9486588035 1.1764265201 0.9488847242 1.1140089124
72.6019999999 0.9486615470 1.1783902686 0.9488847242 1.1140089124
72.8019999999 0.9486636959 1.1805160055 0.9488847242 1.1140089124
73.0019999999 0.9486650786 1.1827977474 0.9488847242 1.1140089124
73.2019999999 0.9486671434 1.1852281340 0.9488847242 1.1140089124
73.4019999999 0.9486709022 1.1877987373 0.9488847242 1.1140089124
73.6019999999 0.9486754800 1.1905002008 0.9488847242 1.1140089124
73.8019999999 0.9486792749 1.1933221658 0.9488847242 1.1140089124
74.0019999999 0.9486821250 1.1962533010 0.9488847242 1.1140089124
74.2019999999 0.9486854879 1.1992814821 0.9488847242 1.1140089124
74.4019999999 0.9486903850 1.2023939242 0.9488847242 1.1140089124
74.6019999999 0.9486959504 1.2055772333 0.9488847242 1.1140089124
74.8019999999 0.9487005915 1.2088175954 0.9488847242 1.1140089124
75.0019999999 0.9487041552 1.2121011461 0.9488847242 1.1140089124
75.2019999999 0.9487081081 1.2154142019 0.9488847242 1.1140089124
75.4019999999 0.9487134800 1.2187431841 0.9488847242 1.1140089124
75.6019999999 0.9487194133 1.2220745226 0.9488847242 1.1140089124
75.8019999999 0.9487243232 1.2253949055 0.9488847242 1.1140089124
76.0019999999 0.9487280645 1.2286917391 0.9488847242 1.1140089124
76.2019999999 0.9487321109 1.2319532960 0.9488847242 1.1140089124
76.4019999999 0.9487374994 1.2351684115 0.9488847242 1.1140089124
76.6019999999 0.9487433790 1.2383262110 0.9488847242 1.1140089124
76.8019999999 0.9487481714 1.2414163212 0.9488847242 1.1140089124
77.0019999999 0.9487517371 1.2444293356 0.9488847242 1.1140089124
77.2019999999 0.9487555559 1.2473568880 0.9488847242 1.1140089124
77.4019999999 0.9487606699 1.2501911931 0.9488847242 1.1140089124
77.6019999999 0.9487662334 1.2529246532 0.9488847242 1.1140089124
77.8019999999 0.9487706726 1.2555500597 0.9488847242 1.1140089124
78.0019999999 0.9487738526 1.2580611025 0.9488847242 1.1140089124
78.2019999999 0.9487772573 1.2604524306 0.9488847242 1.1140089124
78.4019999999 0.9487819328 1.2627191070 0.9488847242 1.1140089124
78.6019999999 0.9487870369 1.2648561475 0.9488847242 1.1140089124
78.8019999999 0.9487909992 1.2668587556 0.9488847242 1.1140089124
79.0019999999 0.9487936878 1.2687229143 0.9488847242 1.1140089124
79.2019999999 0.9487965896 1.2704454714 0.9488847242 1.1140089124
79.4019999999 0.9488007534 1.2720235340 0.9488847242 1.1140089124
79.6019999999 0.9488053391 1.2734539613 0.9488847242 1.1140089124
79.8019999999 0.9488087788 1.2747336497 0.9488847242 1.1140089124
80.0019999999 0.9488109425 1.2758602286 0.9488847242 1.1140089124
80.2019999999 0.9488133409 1.2768321897 0.9488847242 1.1140089124
80.4019999999 0.9488175663 1.2776484140 0.9488847242 1.1140089124
80.6019999999 0.9488246375 1.2783080006 0.9488847242 1.1140089124
80.8019999999 0.9488349949 1.2788103162 0.9488847242 1.1140089124
81.0019999999 0.9488486558 1.2791550088 0.9488847242 1.1140089124
81.2019999999 0.9488654479 1.2793419782 0.9488847242 1.1140089124
81.4019999999 0.9488851325 1.2793713675 0.9488847242 1.1140089124
81.6019999999 0.9489073528 1.2792436182 0.9488847242 1.1140089124
81.8019999999 0.9489315669 1.2789595401 0.9488847242 1.1140089124
82.0019999999 0.9489571258 1.2785203293 0.9488847242 1.1140089124
82.2019999999 0.9489834424 1.2779275345 0.9488847242 1.1140089124
82.4019999999 0.9490100600 1.2771830467 0.9488847242 1.1140089124
82.6019999999 0.9490365564 1.2762891549 0.9488847242 1.1140089124
82.8019999999 0.9490624393 1.2752486176 0.9488847242 1.1140089124
83.0019999999 0.9490871939 1.2740646718 0.9488847242 1.1140089124
83.2019999999 0.9491104273 1.2727409829 0.9488847242 1.1140089124
83.4019999999 0.9491319164 1.2712816174 0.9488847242 1.1140089124
83.6019999999 0.9491514965 1.2696910870 0.9488847242 1.1140089124
83.8019999999 0.9491689437 1.2679744076 0.9488847242 1.1140089124
84.0019999999 0.9491840125 1.2661370863 0.9488847242 1.1140089124
84.2019999999 0.9491965728 1.2641850433 0.9488847242 1.1140089124
84.4019999999 0.9492066525 1.2621245576 0.9488847242 1.1140089124
84.6019999999 0.9492143214 1.2599622921 0.9488847242 1.1140089124
84.8019999999 0.9492195715 1.2577053335 0.9488847242 1.1140089124
85.0019999999 0.9492223527 1.2553611548 0.9488847242 1.1140089124
85.2019999999 0.9492227091 1.2529375091 0.9488847242 1.1140089124
85.4019999999 0.9492208212 1.2504423521 0.9488847242 1.1140089124
85.6019999999 0.9492168903 1.2478838536 0.9488847242 1.1140089124
85.8019999999 0.9492110198 1.2452704262 0.9488847242 1.1140089124
86.0019999999 0.9492032513 1.2426106750 0.9488847242 1.1140089124
86.2019999999 0.9491937027 1.2399132766 0.9488847242 1.1140089124
86.4019999999 0.9491826115 1.2371868961 0.9488847242 1.1140089124
86.6019999999 0.9491702207 1.2344401994 0.9488847242 1.1140089124
86.8019999999 0.9491566615 1.2316818881 0.9488847242 1.1140089124
87.0019999999 0.9491419911 1.2289206531 0.9488847242 1.1140089124
87.2019999999 0.9491263318 1.2261650587 0.9488847242 1.1140089124
87.4019999999 0.9491099162 1.2234234708 0.9488847242 1.1140089124
87.6019999999 0.9490929739 1.2207040852 0.9488847242 1.1140089124
87.8019999999 0.9490756158 1.2180149799 0.9488847242 1.1140089124
88.0019999999 0.9490578731 1.2153640846 0.9488847242 1.1140089124
88.2019999999 0.9490398369 1.2127590820 0.9488847242 1.1140089124
88.4019999999 0.9490217051 1.2102073553 0.9488847242 1.1140089124
88.6019999999 0.9490036696 1.2077160363 0.9488847242 1.1140089124
88.8019999999 0.9489858013 1.2052920740 0.9488847242 1.1140089124
89.0019999999 0.9489680901 1.2029422198 0.9488847242 1.1140089124
89.2019999999 0.9489505850 1.2006729475 0.9488847242 1.1140089124
89.4019999999 0.9489334412 1.1984904163 0.9488847242 1.1140089124
89.6019999999 0.9489168085 1.1964005290 0.9488847242 1.1140089124
89.8019999999 0.9489007162 1.1944090043 0.9488847242 1.1140089124
90.0019999999 0.9488851133 1.1925213681 0.9488847242 1.1140089124
90.2019999999 0.9488700095 1.1907428829 0.9488847242 1.1140089124
90.4019999999 0.9488555218 1.1890785161 0.9488847242 1.1140089124
90.6019999999 0.9488417638 1.1875329891 0.9488847242 1.1140089124
90.8019999999 0.9488287300 1.1861108336 0.9488847242 1.1140089124
91.0019999999 0.9488163369 1.1848163726 0.9488847242 1.1140089124
91.2019999999 0.9488045634 1.1836536494 0.9488847242 1.1140089124
91.4019999999 0.9487934980 1.1826263867 0.9488847242 1.1140089124
91.6019999999 0.9487832274 1.1817380069 0.9488847242 1.1140089124
91.8019999999 0.9487737218 1.1809916527 0.9488847242 1.1140089124
92.0019999999 0.9487648750 1.1803901471 0.9488847242 1.1140089124
92.2019999999 0.9487566452 1.1799359177 0.9488847242 1.1140089124
92.4019999999 0.9487491024 1.1796309422 0.9488847242 1.1140089124
92.6019999999 0.9487423165 1.1794767352 0.9488847242 1.1140089124
92.8019999999 0.9487362426 1.1794743309 0.9488847242 1.1140089124
93.0019999999 0.9487307612 1.1796242347 0.9488847242 1.1140089124
93.2019999999 0.9487258190 1.1799263609 0.9488847242 1.1140089124
93.4019999999 0.9487214756 1.1803799888 0.9488847242 1.1140089124
93.6019999999 0.9487177923 1.1809837406 0.9488847242 1.1140089124
93.8019999999 0.9487147170 1.1817355642 0.9488847242 1.1140089124
94.0019999999 0.9487121241 1.1826327139 0.9488847242 1.1140089124
94.2019999999 0.9487099554 1.1836717437 0.9488847242 1.1140089124
94.4019999999 0.9487082667 1.1848485135 0.9488847242 1.1140089124
94.6019999999 0.9487071167 1.1861582029 0.9488847242 1.1140089124
94.8019999999 0.9487064512 1.1875953315 0.9488847242 1.1140089124
95.0019999999 0.9487061437 1.1891538006 0.9488847242 1.1140089124
95.2019999999 0.9487061356 1.1908269548 0.9488847242 1.1140089124
95.4019999999 0.9487064832 1.1926076454 0.9488847242 1.1140089124
95.6019999999 0.9487072463 1.1944882820 0.9488847242 1.1140089124
95.8019999999 0.9487083721 1.1964608844 0.9488847242 1.1140089124
96.0019999999 0.9487097361 1.1985171585 0.9488847242 1.1140089124
96.2019999999 0.9487112823 1.2006485893 0.9488847242 1.1140089124
96.4019999999 0.9487130699 1.2028465199 0.9488847242 1.1140089124
96.6019999999 0.9487151614 1.2051022022 0.9488847242 1.1140089124
96.8019999999 0.9487175078 1.2074068396 0.9488847242 1.1140089124
97.0019999999 0.9487199881 1.2097516523 0.9488847242 1.1140089124
97.2019999999 0.9487225500 1.2121279568 0.9488847242 1.1140089124
97.4019999999 0.9487252565 1.2145272242 0.9488847242 1.1140089124
97.6019999999 0.9487281743 1.2169411004 0.9488847242 1.1140089124
97.8019999999 0.9487312584 1.2193614165 0.9488847242 1.1140089124
98.0019999999 0.9487343918 1.2217802251 0.9488847242 1.1140089124
98.2019999999 0.9487375264 1.2241898525 0.9488847242 1.1140089124
98.4019999999 0.9487407294 1.2265829291 0.9488847242 1.1140089124
98.6019999999 0.9487440716 1.2289523786 0.9488847242 1.1140089124
98.8019999999 0.9487475119 1.2312913986 0.9488847242 1.1140089124
99.0019999999 0.9487509374 1.2335934725 0.9488847242 1.1140089124
99.2019999999 0.9487543038 1.2358524042 0.9488847242 1.1140089124
99.4019999999 0.9487576823 1.2380623290 0.9488847242 1.1140089124
99.6019999999 0.9487611472 1.2402176837 0.9488847242 1.1140089124
99.8019999999 0.9487646611 1.2423131698 0.9488847242 1.1140089124
100.0019999999 0.9487681146 1.2443437531 0.9488847242 1.1140089124
100.2019999999 0.9487714672 1.2463046923 0.9488847242 1.1140089124
100.4019999999 0.9487748085 1.2481915489 0.9488847242 1.1140089124
100.6019999999 0.9487783216 1.2500001729 0.9488847242 1.1140089124
100.8019999999 0.9487822309 1.2517266872 0.9488847242 1.1140089124
101.0019999999 0.9487867593 1.2533674755 0.9488847242 1.1140089124
101.2019999999 0.9487921058 1.2549191691 0.9488847242 1.1140089124
101.4019999999 0.9487984382 1.2563786330 0.9488847242 1.1140089124
101.6019999999 0.9488058893 1.2577429539 0.9488847242 1.1140089124
101.8019999999 0.9488145477 1.2590094334 0.9488847242 1.1140089124
102.0019999999 0.9488244486 1.2601755837 0.9488847242 1.1140089124
102.2019999999 0.9488355767 1.2612391234 0.9488847242 1.1140089124
102.4019999999 0.9488478780 1.2621979720 0.9488847242 1.1140089124
102.6019999999 0.9488612699 1.2630502465 0.9488847242 1.1140089124
102.8019999999 0.9488756418 1.2637942629 0.9488847242 1.1140089124
103.0019999999 0.9488908519 1.2644285409 0.9488847242 1.1140089124
103.2019999999 0.9489067341 1.2649518078 0.9488847242 1.1140089124
103.4019999999 0.9489231116 1.2653630010 0.9488847242 1.1140089124
103.6019999999 0.9489398074 1.2656612715 0.9488847242 1.1140089124
103.8019999999 0.9489566433 1.2658459925 0.9488847242 1.1140089124
104.0019999999 0.9489734363 1.2659167712 0.9488847242 1.1140089124
104.2019999999 0.9489900020 1.2658734581 0.9488847242 1.1140089124
104.4019999999 0.9490061667 1.2657161538 0.9488847242 1.1140089124
104.6019999999 0.9490217746 1.2654452163 0.9488847242 1.1140089124
104.8019999999 0.9490366845 1.2650612732 0.9488847242 1.1140089124
105.0019999999 0.9490507630 1.2645652342 0.9488847242 1.1140089124
105.2019999999 0.9490638858 1.2639583020 0.9488847242 1.1140089124
105.4019999999 0.9490759471 1.2632419777 0.9488847242 1.1140089124
105.6019999999 0.9490868648 1.2624180660 0.9488847242 1.1140089124
105.8019999999 0.9490965748 1.2614886835 0.9488847242 1.1140089124
106.0019999999 0.9491050228 1.2604562679 0.9488847242 1.1140089124
106.2019999999 0.9491121640 1.2593235821 0.9488847242 1.1140089124
106.4019999999 0.9491179708 1.2580937124 0.9488847242 1.1140089124
106.6019999999 0.9491224371 1.2567700654 0.9488847242 1.1140089124
106.8019999999 0.9491255718 1.2553563674 0.9488847242 1.1140089124
107.0019999999 0.9491273896 1.2538566633 0.9488847242 1.1140089124
107.2019999999 0.9491279101 1.2522753102 0.9488847242 1.1140089124
107.4019999999 0.9491271653 1.2506169646 0.9488847242 1.1140089124
107.6019999999 0.9491252032 1.2488865675 0.9488847242 1.1140089124
107.8019999999 0.9491220818 1.2470893325 0.9488847242 1.1140089124
108.0019999999 0.9491178590 1.2452307340 0.9488847242 1.1140089124
108.2019999999 0.9491125922 1.2433164901 0.9488847242 1.1140089124
108.4019999999 0.9491063459 1.2413525395 0.9488847242 1.1140089124
108.6019999999 0.9490991954 1.2393450177 0.9488847242 1.1140089124
108.8019999999 0.9490912206 1.2373002366 0.9488847242 1.1140089124
109.0019999999 0.9490824968 1.2352246663 0.9488847242 1.1140089124
109.2019999999 0.9490730945 1.2331249118 0.9488847242 1.1140089124
109.4019999999 0.9490630865 1.2310076852 0.9488847242 1.1140089124
109.6019999999 0.9490525529 1.2288797794 0.9488847242 1.1140089124
109.8019999999 0.9490415748 1.2267480455 0.9488847242 1.1140089124
110.0019999999 0.9490302256 1.2246193730 0.9488847242 1.1140089124
110.2019999999 0.9490185704 1.2225006672 0.9488847242 1.1140089124
110.4019999999 0.9490066747 1.2203988226 0.9488847242 1.1140089124
110.6019999999 0.9489946089 1.2183206981 0.9488847242 1.1140089124
110.8019999999 0.9489824421 1.2162730968 0.9488847242 1.1140089124
111.0019999999 0.9489702342 1.2142627477 0.9488847242 1.1140089124
111.2019999999 0.9489580356 1.2122962852 0.9488847242 1.1140089124
111.4019999999 0.9489458959 1.2103802251 0.9488847242 1.1140089124
111.6019999999 0.9489338685 1.2085209418 0.9488847242 1.1140089124
111.8019999999 0.9489220049 1.2067246479 0.9488847242 1.1140089124
112.0019999999 0.9489103472 1.2049973757 0.9488847242 1.1140089124
112.2019999999 0.9488989275 1.2033449549 0.9488847242 1.1140089124
112.4019999999 0.9488877770 1.2017729877 0.9488847242 1.1140089124
112.6019999999 0.9488769306 1.2002868236 0.9488847242 1.1140089124
112.8019999999 0.9488664219 1.1988915356 0.9488847242 1.1140089124
113.0019999999 0.9488562752 1.1975918956 0.9488847242 1.1140089124
113.2019999999 0.9488465050 1.1963923486 0.9488847242 1.1140089124
113.4019999999 0.9488371255 1.1952969848 0.9488847242 1.1140089124
113.6019999999 0.9488281556 1.1943095125 0.9488847242 1.1140089124
113.8019999999 0.9488196131 1.1934332318 0.9488847242 1.1140089124
114.0019999999 0.9488115070 1.1926710098 0.9488847242 1.1140089124
114.2019999999 0.9488038377 1.1920252567 0.9488847242 1.1140089124
114.4019999999 0.9487966061 1.1914979050 0.9488847242 1.1140089124
114.6019999999 0.9487898179 1.1910903914 0.9488847242 1.1140089124
114.8019999999 0.9487834793 1.1908036419 0.9488847242 1.1140089124
115.0019999999 0.9487775880 1.1906380610 0.9488847242 1.1140089124
115.2019999999 0.9487721342 1.1905935265 0.9488847242 1.1140089124
115.4019999999 0.9487671089 1.1906693891 0.9488847242 1.1140089124
115.6019999999 0.9487625095 1.1908644786 0.9488847242 1.1140089124
115.8019999999 0.9487583339 1.1911771122 0.9488847242 1.1140089124
116.0019999999 0.9487545726 1.1916051091 0.9488847242 1.1140089124
116.2019999999 0.9487512094 1.1921458096 0.9488847242 1.1140089124
116.4019999999 0.9487482294 1.1927961007 0.9488847242 1.1140089124
116.6019999999 0.9487456247 1.1935524447 0.9488847242 1.1140089124
116.8019999999 0.9487433888 1.1944109088 0.9488847242 1.1140089124
117.0019999999 0.9487415084 1.1953671984 0.9488847242 1.1140089124
117.2019999999 0.9487399637 1.1964166918 0.9488847242 1.1140089124
117.4019999999 0.9487387374 1.1975544790 0.9488847242 1.1140089124
117.6019999999 0.9487378191 1.1987754002 0.9488847242 1.1140089124
117.8019999999 0.9487372005 1.2000740819 0.9488847242 1.1140089124
118.0019999999 0.9487368670 1.2014449735 0.9488847242 1.1140089124
118.2019999999 0.9487367980 1.2028823827 0.9488847242 1.1140089124
118.4019999999 0.9487369754 1.2043805126 0.9488847242 1.1140089124
118.6019999999 0.9487373889 1.2059334955 0.9488847242 1.1140089124
118.8019999999 0.9487380302 1.2075354240 0.9488847242 1.1140089124
119.0019999999 0.9487388852 1.2091803774 0.9488847242 1.1140089124
119.2019999999 0.9487399339 1.2108624496 0.9488847242 1.1140089124
119.4019999999 0.9487411593 1.2125757743 0.9488847242 1.1140089124
119.6019999999 0.9487425521 1.2143145490 0.9488847242 1.1140089124
119.8019999999 0.9487441055 1.2160730528 0.9488847242 1.1140089124
120.0019999999 0.9487458068 1.2178456619 0.9488847242 1.1140089124
120.2019999999 0.9487476378 1.2196268643 0.9488847242 1.1140089124
120.4019999999 0.9487495835 1.2214112744 0.9488847242 1.1140089124
120.6019999999 0.9487516410 1.2231936452 0.9488847242 1.1140089124
120.8019999999 0.9487538232 1.2249688787 0.9488847242 1.1140089124
121.0019999999 0.9487561595 1.2267320334 0.9488847242 1.1140089124
121.2019999999 0.9487586933 1.2284783300 0.9488847242 1.1140089124
121.4019999999 0.9487614784 1.2302031558 0.9488847242 1.1140089124
121.6019999999 0.9487645763 1.2319020661 0.9488847242 1.1140089124
121.8019999999 0.9487680522 1.2335707857 0.9488847242 1.1140089124
122.0019999999 0.9487719711 1.2352052086 0.9488847242 1.1140089124
122.2019999999 0.9487763936 1.2368013969 0.9488847242 1.1140089124
122.4019999999 0.9487813732 1.2383555795 0.9488847242 1.1140089124
122.6019999999 0.9487869538 1.2398641495 0.9488847242 1.1140089124
122.8019999999 0.9487931687 1.2413236620 0.9488847242 1.1140089124
123.0019999999 0.9488000392 1.2427308306 0.9488847242 1.1140089124
123.2019999999 0.9488075729 1.2440825258 0.9488847242 1.1140089124
123.4019999999 0.9488157637 1.2453757715 0.9488847242 1.1140089124
123.6019999999 0.9488245925 1.2466077429 0.9488847242 1.1140089124
123.8019999999 0.9488340282 1.2477757641 0.9488847242 1.1140089124
124.0019999999 0.9488440281 1.2488773063 0.9488847242 1.1140089124
124.2019999999 0.9488545388 1.2499099865 0.9488847242 1.1140089124
124.4019999999 0.9488654973 1.2508715673 0.9488847242 1.1140089124
124.6019999999 0.9488768328 1.2517599560 0.9488847242 1.1140089124
124.8019999999 0.9488884684 1.2525732054 0.9488847242 1.1140089124
125.0019999999 0.9489003230 1.2533095146 0.9488847242 1.1140089124
125.2019999999 0.9489123114 1.2539672312 0.9488847242 1.1140089124
125.4019999999 0.9489243465 1.2545448540 0.9488847242 1.1140089124
125.6019999999 0.9489363402 1.2550410356 0.9488847242 1.1140089124
125.8019999999 0.9489482061 1.2554545867 0.9488847242 1.1140089124
126.0019999999 0.9489598595 1.2557844801 0.9488847242 1.1140089124
126.2019999999 0.9489712185 1.2560298565 0.9488847242 1.1140089124
126.4019999999 0.9489822048 1.2561900298 0.9488847242 1.1140089124
126.6019999999 0.9489927445 1.2562644931 0.9488847242 1.1140089124
126.8019999999 0.9490027697 1.2562529252 0.9488847242 1.1140089124
127.0019999999 0.9490122186 1.2561551974 0.9488847242 1.1140089124
127.2019999999 0.9490210355 1.2559713805 0.9488847242 1.1140089124
127.4019999999 0.9490291705 1.2557017519 0.9488847242 1.1140089124
127.6019999999 0.9490365810 1.2553468027 0.9488847242 1.1140089124
127.8019999999 0.9490432315 1.2549072442 0.9488847242 1.1140089124
128.0019999999 0.9490490939 1.2543840145 0.9488847242 1.1140089124
128.2019999999 0.9490541462 1.2537782846 0.9488847242 1.1140089124
128.4019999999 0.9490583732 1.2530914644 0.9488847242 1.1140089124
128.6019999999 0.9490617659 1.2523252071 0.9488847242 1.1140089124
128.8019999999 0.9490643219 1.2514814128 0.9488847242 1.1140089124
129.0019999999 0.9490660452 1.2505622321 0.9488847242 1.1140089124
129.2019999999 0.9490669448 1.2495700677 0.9488847242 1.1140089124
129.4019999999 0.9490670346 1.2485075755 0.9488847242 1.1140089124
129.6019999999 0.9490663332 1.2473776639 0.9488847242 1.1140089124
129.8019999999 0.9490648639 1.2461834916 0.9488847242 1.1140089124
130.0019999999 0.9490626544 1.2449284645 0.9488847242 1.1140089124
130.2019999999 0.9490597353 1.2436162308 0.9488847242 1.1140089124
130.4019999999 0.9490561399 1.2422506753 0.9488847242 1.1140089124
130.6019999999 0.9490519042 1.2408359108 0.9488847242 1.1140089124
130.8019999999 0.9490470666 1.2393762689 0.9488847242 1.1140089124
131.0019999999 0.9490416679 1.2378762894 0.9488847242 1.1140089124
131.2019999999 0.9490357496 1.2363407072 0.9488847242 1.1140089124
131.4019999999 0.9490293539 1.2347744394 0.9488847242 1.1140089124
131.6019999999 0.9490225239 1.2331825690 0.9488847242 1.1140089124
131.8019999999 0.9490153033 1.2315703285 0.9488847242 1.1140089124
132.0019999999 0.9490077360 1.2299430814 0.9488847242 1.1140089124
132.2019999999 0.9489998656 1.2283063027 0.9488847242 1.1140089124
132.4019999999 0.9489917344 1.2266655586 0.9488847242 1.1140089124
132.6019999999 0.9489833842 1.2250264834 0.9488847242 1.1140089124
132.8019999999 0.9489748563 1.2233947572 0.9488847242 1.1140089124
133.0019999999 0.9489661910 1.2217760804 0.9488847242 1.1140089124
133.2019999999 0.9489574271 1.2201761492 0.9488847242 1.1140089124
133.4019999999 0.9489486012 1.2186006287 0.9488847242 1.1140089124
133.6019999999 0.9489397486 1.2170551258 0.9488847242 1.1140089124
133.8019999999 0.9489309034 1.2155451617 0.9488847242 1.1140089124
134.0019999999 0.9489220980 1.2140761430 0.9488847242 1.1140089124
134.2019999999 0.9489133627 1.2126533337 0.9488847242 1.1140089124
134.4019999999 0.9489047255 1.2112818264 0.9488847242 1.1140089124
134.6019999999 0.9488962125 1.2099665147 0.9488847242 1.1140089124
134.8019999999 0.9488878483 1.2087120649 0.9488847242 1.1140089124
135.0019999999 0.9488796559 1.2075228903 0.9488847242 1.1140089124
135.2019999999 0.9488716559 1.2064031252 0.9488847242 1.1140089124
135.4019999999 0.9488638667 1.2053566021 0.9488847242 1.1140089124
135.6019999999 0.9488563047 1.2043868295 0.9488847242 1.1140089124
135.8019999999 0.9488489850 1.2034969733 0.9488847242 1.1140089124
136.0019999999 0.9488419212 1.2026898396 0.9488847242 1.1140089124
136.2019999999 0.9488351248 1.2019678613 0.9488847242 1.1140089124
136.4019999999 0.9488286051 1.2013330870 0.9488847242 1.1140089124
136.6019999999 0.9488223699 1.2007871732 0.9488847242 1.1140089124
136.8019999999 0.9488164259 1.2003313802 0.9488847242 1.1140089124
137.0019999999 0.9488107786 1.1999665705 0.9488847242 1.1140089124
137.2019999999 0.9488054317 1.1996932103 0.9488847242 1.1140089124
137.4019999999 0.9488003873 1.1995113749 0.9488847242 1.1140089124
137.6019999999 0.9487956460 1.1994207559 0.9488847242 1.1140089124
137.8019999999 0.9487912080 1.1994206719 0.9488847242 1.1140089124
138.0019999999 0.9487870724 1.1995100813 0.9488847242 1.1140089124
138.2019999999 0.9487832373 1.1996875972 0.9488847242 1.1140089124
138.4019999999 0.9487796990 1.1999515044 0.9488847242 1.1140089124
138.6019999999 0.9487764533 1.2002997782 0.9488847242 1.1140089124
138.8019999999 0.9487734957 1.2007301039 0.9488847242 1.1140089124
139.0019999999 0.9487708209 1.2012398985 0.9488847242 1.1140089124
139.2019999999 0.9487684231 1.2018263320 0.9488847242 1.1140089124
139.4019999999 0.9487662950 1.2024863493 0.9488847242 1.1140089124
139.6019999999 0.9487644293 1.2032166935 0.9488847242 1.1140089124
139.8019999999 0.9487628185 1.2040139280 0.9488847242 1.1140089124
140.0019999999 0.9487614548 1.2048744589 0.9488847242 1.1140089124
140.2019999999 0.9487603301 1.2057945566 0.9488847242 1.1140089124
140.4019999999 0.9487594354 1.2067703771 0.9488847242 1.1140089124
140.6019999999 0.9487587617 1.2077979827 0.9488847242 1.1140089124
140.8019999999 0.9487583010 1.2088733619 0.9488847242 1.1140089124
141.0019999999 0.9487580477 1.2099924478 0.9488847242 1.1140089124
141.2019999999 0.9487579991 1.2111511370 0.9488847242 1.1140089124
141.4019999999 0.9487581569 1.2123453053 0.9488847242 1.1140089124
141.6019999999 0.9487585267 1.2135708241 0.9488847242 1.1140089124
141.8019999999 0.9487591188 1.2148235744 0.9488847242 1.1140089124
142.0019999999 0.9487599474 1.2160994602 0.9488847242 1.1140089124
142.2019999999 0.9487610308 1.2173944200 0.9488847242 1.1140089124
142.4019999999 0.9487623899 1.2187044381 0.9488847242 1.1140089124
142.6019999999 0.9487640481 1.2200255537 0.9488847242 1.1140089124
142.8019999999 0.9487660296 1.2213538694 0.9488847242 1.1140089124
143.0019999999 0.9487683592 1.2226855587 0.9488847242 1.1140089124
143.2019999999 0.9487710607 1.2240168721 0.9488847242 1.1140089124
143.4019999999 0.9487741561 1.2253441429 0.9488847242 1.1140089124
143.6019999999 0.9487776649 1.2266637913 0.9488847242 1.1140089124
143.8019999999 0.9487816031 1.2279723284 0.9488847242 1.1140089124
144.0019999999 0.9487859827 1.2292663592 0.9488847242 1.1140089124
144.2019999999 0.9487908111 1.2305425852 0.9488847242 1.1140089124
144.4019999999 0.9487960906 1.2317978061 0.9488847242 1.1140089124
144.6019999999 0.9488018184 1.2330289216 0.9488847242 1.1140089124
144.8019999999 0.9488079861 1.2342329320 0.9488847242 1.1140089124
145.0019999999 0.9488145800 1.2354069394 0.9488847242 1.1140089124
145.2019999999 0.9488215809 1.2365481481 0.9488847242 1.1140089124
145.4019999999 0.9488289648 1.2376538652 0.9488847242 1.1140089124
145.6019999999 0.9488367026 1.2387215007 0.9488847242 1.1140089124
145.8019999999 0.9488447608 1.2397485679 0.9488847242 1.1140089124
146.0019999999 0.9488531020 1.2407326839 0.9488847242 1.1140089124
146.2019999999 0.9488616852 1.2416715699 0.9488847242 1.1140089124
146.4019999999 0.9488704664 1.2425630521 0.9488847242 1.1140089124
146.6019999999 0.9488793993 1.2434050623 0.9488847242 1.1140089124
146.8019999999 0.9488884356 1.2441956388 0.9488847242 1.1140089124
147.0019999999 0.9488975256 1.2449329284 0.9488847242 1.1140089124
147.2019999999 0.9489066192 1.2456151872 0.9488847242 1.1140089124
147.4019999999 0.9489156659 1.2462407835 0.9488847242 1.1140089124
147.6019999999 0.9489246156 1.2468081993 0.9488847242 1.1140089124
147.8019999999 0.9489334190 1.2473160336 0.9488847242 1.1140089124
148.0019999999 0.9489420281 1.2477630055 0.9488847242 1.1140089124
148.2019999999 0.9489503967 1.2481479572 0.9488847242 1.1140089124
148.4019999999 0.9489584808 1.2484698581 0.9488847242 1.1140089124
148.6019999999 0.9489662387 1.2487278092 0.9488847242 1.1140089124
148.8019999999 0.9489736314 1.2489210472 0.9488847242 1.1140089124
149.0019999999 0.9489806232 1.2490489496 0.9488847242 1.1140089124
149.2019999999 0.9489871813 1.2491110395 0.9488847242 1.1140089124
149.4019999999 0.9489932766 1.2491069911 0.9488847242 1.1140089124
149.6019999999 0.9489988831 1.2490366349 0.9488847242 1.1140089124
149.8019999999 0.9490039788 1.2488999635 0.9488847242 1.1140089124
150.0019999999 0.9490085450 1.2486971369 0.9488847242 1.1140089124
150.2019999999 0.9490125668 1.2484284880 0.9488847242 1.1140089124
150.4019999999 0.9490160328 1.2480945283 0.9488847242 1.1140089124
150.6019999999 0.9490189352 1.2476959527 0.9488847242 1.1140089124
150.8019999999 0.9490212696 1.2472336446 0.9488847242 1.1140089124
151.0019999999 0.9490230349 1.2467086803 0.9488847242 1.1140089124
151.2019999999 0.9490242334 1.2461223330 0.9488847242 1.1140089124
151.4019999999 0.9490248703 1.2454760760 0.9488847242 1.1140089124
151.6019999999 0.9490249537 1.2447715859 0.9488847242 1.1140089124
151.8019999999 0.9490244942 1.2440107437 0.9488847242 1.1140089124
152.0019999999 0.9490235052 1.2431956362 0.9488847242 1.1140089124
152.2019999999 0.9490220024 1.2423285560 0.9488847242 1.1140089124
152.4019999999 0.9490200034 1.2414119999 0.9488847242 1.1140089124
152.6019999999 0.9490175278 1.2404486667 0.9488847242 1.1140089124
152.8019999999 0.9490145969 1.2394414535 0.9488847242 1.1140089124
153.0019999999 0.9490112333 1.2383934505 0.9488847242 1.1140089124
153.2019999999 0.9490074612 1.2373079342 0.9488847242 1.1140089124
153.4019999999 0.9490033055 1.2361883597 0.9488847242 1.1140089124
153.6019999999 0.9489987923 1.2350383506 0.9488847242 1.1140089124
153.8019999999 0.9489939479 1.2338616879 0.9488847242 1.1140089124
154.0019999999 0.9489887996 1.2326622971 0.9488847242 1.1140089124
154.2019999999 0.9489833747 1.2314442337 0.9488847242 1.1140089124
154.4019999999 0.9489777008 1.2302116674 0.9488847242 1.1140089124
154.6019999999 0.9489718054 1.2289688643 0.9488847242 1.1140089124
154.8019999999 0.9489657158 1.2277201683 0.9488847242 1.1140089124
155.0019999999 0.9489594591 1.2264699811 0.9488847242 1.1140089124
155.2019999999 0.9489530619 1.2252227407 0.9488847242 1.1140089124
155.4019999999 0.9489465504 1.2239828998 0.9488847242 1.1140089124
155.6019999999 0.9489399500 1.2227549026 0.9488847242 1.1140089124
155.8019999999 0.9489332854 1.2215431618 0.9488847242 1.1140089124
156.0019999999 0.9489265805 1.2203520350 0.9488847242 1.1140089124
156.2019999999 0.9489198584 1.2191858012 0.9488847242 1.1140089124
156.4019999999 0.9489131413 1.2180486378 0.9488847242 1.1140089124
156.6019999999 0.9489064500 1.2169445975 0.9488847242 1.1140089124
156.8019999999 0.9488998047 1.2158775870 0.9488847242 1.1140089124
157.0019999999 0.9488932242 1.2148513453 0.9488847242 1.1140089124
157.2019999999 0.9488867264 1.2138694251 0.9488847242 1.1140089124
157.4019999999 0.9488803281 1.2129351737 0.9488847242 1.1140089124
157.6019999999 0.9488740446 1.2120517171 0.9488847242 1.1140089124
157.8019999999 0.9488678905 1.2112219448 0.9488847242 1.1140089124
158.0019999999 0.9488618789 1.2104484974 0.9488847242 1.1140089124
158.2019999999 0.9488560220 1.2097337552 0.9488847242 1.1140089124
158.4019999999 0.9488503307 1.2090798302 0.9488847242 1.1140089124
158.6019999999 0.9488448150 1.2084885587 0.9488847242 1.1140089124
158.8019999999 0.9488394836 1.2079614970 0.9488847242 1.1140089124
159.0019999999 0.9488343441 1.2074999189 0.9488847242 1.1140089124
159.2019999999 0.9488294034 1.2071048151 0.9488847242 1.1140089124
159.4019999999 0.9488246671 1.2067768946 0.9488847242 1.1140089124
159.6019999999 0.9488201400 1.2065165877 0.9488847242 1.1140089124
159.8019999999 0.9488158257 1.2063240515 0.9488847242 1.1140089124
160.0019999999 0.9488117272 1.2061991756 0.9488847242 1.1140089124
160.2019999999 0.9488078466 1.2061415908 0.9488847242 1.1140089124
160.4019999999 0.9488041852 1.2061506775 0.9488847242 1.1140089124
160.6019999999 0.9488007434 1.2062255769 0.9488847242 1.1140089124
160.8019999999 0.9487975210 1.2063652014 0.9488847242 1.1140089124
161.0019999999 0.9487945173 1.2065682476 0.9488847242 1.1140089124
161.2019999999 0.9487917313 1.2068332083 0.9488847242 1.1140089124
161.4019999999 0.9487891621 1.2071583865 0.9488847242 1.1140089124
161.6019999999 0.9487868091 1.2075419087 0.9488847242 1.1140089124
161.8019999999 0.9487846722 1.2079817390 0.9488847242 1.1140089124
162.0019999999 0.9487827525 1.2084756930 0.9488847242 1.1140089124
162.2019999999 0.9487810521 1.2090214520 0.9488847242 1.1140089124
162.4019999999 0.9487795746 1.2096165771 0.9488847242 1.1140089124
162.6019999999 0.9487783248 1.2102585223 0.9488847242 1.1140089124
162.8019999999 0.9487773092 1.2109446485 0.9488847242 1.1140089124
163.0019999999 0.9487765354 1.2116722360 0.9488847242 1.1140089124
163.2019999999 0.9487760124 1.2124384972 0.9488847242 1.1140089124
163.4019999999 0.9487757505 1.2132405888 0.9488847242 1.1140089124
163.6019999999 0.9487757605 1.2140756229 0.9488847242 1.1140089124
163.8019999999 0.9487760537 1.2149406779 0.9488847242 1.1140089124
164.0019999999 0.9487766420 1.2158328091 0.9488847242 1.1140089124
164.2019999999 0.9487775367 1.2167490576 0.9488847242 1.1140089124
164.4019999999 0.9487787488 1.2176864600 0.9488847242 1.1140089124
164.6019999999 0.9487802884 1.2186420561 0.9488847242 1.1140089124
164.8019999999 0.9487821646 1.2196128970 0.9488847242 1.1140089124
165.0019999999 0.9487843846 1.2205960518 0.9488847242 1.1140089124
165.2019999999 0.9487869541 1.2215886144 0.9488847242 1.1140089124
165.4019999999 0.9487898766 1.2225877090 0.9488847242 1.1140089124
165.6019999999 0.9487931532 1.2235904956 0.9488847242 1.1140089124
165.8019999999 0.9487967828 1.2245941750 0.9488847242 1.1140089124
166.0019999999 0.9488007613 1.2255959927 0.9488847242 1.1140089124
166.2019999999 0.9488050823 1.2265932430 0.9488847242 1.1140089124
166.4019999999 0.9488097364 1.2275832725 0.9488847242 1.1140089124
166.6019999999 0.9488147115 1.2285634833 0.9488847242 1.1140089124
166.8019999999 0.9488199929 1.2295313352 0.9488847242 1.1140089124
167.0019999999 0.9488255632 1.2304843490 0.9488847242 1.1140089124
167.2019999999 0.9488314026 1.2314201081 0.9488847242 1.1140089124
167.4019999999 0.9488374888 1.2323362609 0.9488847242 1.1140089124
167.6019999999 0.9488437975 1.2332305223 0.9488847242 1.1140089124
167.8019999999 0.9488503025 1.2341006762 0.9488847242 1.1140089124
168.0019999999 0.9488569757 1.2349445763 0.9488847242 1.1140089124
168.2019999999 0.9488637878 1.2357601484 0.9488847242 1.1140089124
168.4019999999 0.9488707080 1.2365453917 0.9488847242 1.1140089124
168.6019999999 0.9488777048 1.2372983806 0.9488847242 1.1140089124
168.8019999999 0.9488847460 1.2380172665 0.9488847242 1.1140089124
169.0019999999 0.9488917988 1.2387002795 0.9488847242 1.1140089124
169.2019999999 0.9488988307 1.2393457305 0.9488847242 1.1140089124
169.4019999999 0.9489058088 1.2399520130 0.9488847242 1.1140089124
169.6019999999 0.9489127011 1.2405176058 0.9488847242 1.1140089124
169.8019999999 0.9489194758 1.2410410749 0.9488847242 1.1140089124
170.0019999999 0.9489261022 1.2415210769 0.9488847242 1.1140089124
170.2019999999 0.9489325507 1.2419563610 0.9488847242 1.1140089124
170.4019999999 0.9489387929 1.2423457726 0.9488847242 1.1140089124
170.6019999999 0.9489448016 1.2426882564 0.9488847242 1.1140089124
170.8019999999 0.9489505516 1.2429828600 0.9488847242 1.1140089124
171.0019999999 0.9489560192 1.2432287376 0.9488847242 1.1140089124
171.2019999999 0.9489611826 1.2434251535 0.9488847242 1.1140089124
171.4019999999 0.9489660218 1.2435714866 0.9488847242 1.1140089124
171.6019999999 0.9489705192 1.2436672346 0.9488847242 1.1140089124
171.8019999999 0.9489746589 1.2437120181 0.9488847242 1.1140089124
172.0019999999 0.9489784272 1.2437055847 0.9488847242 1.1140089124
172.2019999999 0.9489818128 1.2436478142 0.9488847242 1.1140089124
172.4019999999 0.9489848062 1.2435387222 0.9488847242 1.1140089124
172.6019999999 0.9489874003 1.2433784649 0.9488847242 1.1140089124
172.8019999999 0.9489895900 1.2431673431 0.9488847242 1.1140089124
173.0019999999 0.9489913722 1.2429058060 0.9488847242 1.1140089124
173.2019999999 0.9489927459 1.2425944551 0.9488847242 1.1140089124
173.4019999999 0.9489937121 1.2422340475 0.9488847242 1.1140089124
173.6019999999 0.9489942736 1.2418254983 0.9488847242 1.1140089124
173.8019999999 0.9489944350 1.2413698836 0.9488847242 1.1140089124
174.0019999999 0.9489942026 1.2408684415 0.9488847242 1.1140089124
174.2019999999 0.9489935843 1.2403225734 0.9488847242 1.1140089124
174.4019999999 0.9489925896 1.2397338440 0.9488847242 1.1140089124
174.6019999999 0.9489912291 1.2391039806 0.9488847242 1.1140089124
174.8019999999 0.9489895149 1.2384348713 0.9488847242 1.1140089124
175.0019999999 0.9489874603 1.2377285623 0.9488847242 1.1140089124
175.2019999999 0.9489850795 1.2369872540 0.9488847242 1.1140089124
175.4019999999 0.9489823876 1.2362132960 0.9488847242 1.1140089124
175.6019999999 0.9489794007 1.2354091806 0.9488847242 1.1140089124
175.8019999999 0.9489761355 1.2345775361 0.9488847242 1.1140089124
176.0019999999 0.9489726092 1.2337211172 0.9488847242 1.1140089124
176.2019999999 0.9489688395 1.2328427961 0.9488847242 1.1140089124
176.4019999999 0.9489648446 1.2319455513 0.9488847242 1.1140089124
176.6019999999 0.9489606428 1.2310324551 0.9488847242 1.1140089124
176.8019999999 0.9489562527 1.2301066613 0.9488847242 1.1140089124
177.0019999999 0.9489516929 1.2291713908 0.9488847242 1.1140089124
177.2019999999 0.9489469819 1.2282299170 0.9488847242 1.1140089124
177.4019999999 0.9489421383 1.2272855503 0.9488847242 1.1140089124
177.6019999999 0.9489371804 1.2263416220 0.9488847242 1.1140089124
177.8019999999 0.9489321262 1.2254014684 0.9488847242 1.1140089124
178.0019999999 0.9489269934 1.2244684137 0.9488847242 1.1140089124
178.2019999999 0.9489217994 1.2235457536 0.9488847242 1.1140089124
178.4019999999 0.9489165612 1.2226367384 0.9488847242 1.1140089124
178.6019999999 0.9489112950 1.2217445573 0.9488847242 1.1140089124
178.8019999999 0.9489060168 1.2208723219 0.9488847242 1.1140089124
179.0019999999 0.9489007418 1.2200230510 0.9488847242 1.1140089124
179.2019999999 0.9488954848 1.2191996560 0.9488847242 1.1140089124
179.4019999999 0.9488902597 1.2184049272 0.9488847242 1.1140089124
179.6019999999 0.9488850799 1.2176415205 0.9488847242 1.1140089124
179.8019999999 0.9488799580 1.2169119463 0.9488847242 1.1140089124
180.0019999999 0.9488749060 1.2162185578 0.9488847242 1.1140089124
180.2019999999 0.9488699351 1.2155635424 0.9488847242 1.1140089124
180.4019999999 0.9488650558 1.2149489130 0.9488847242 1.1140089124
180.6019999999 0.9488602778 1.2143765012 0.9488847242 1.1140089124
180.8019999999 0.9488556102 1.2138479513 0.9488847242 1.1140089124
181.0019999999 0.9488510613 1.2133647164 0.9488847242 1.1140089124
181.2019999999 0.9488466386 1.2129280552 0.9488847242 1.1140089124
181.4019999999 0.9488423492 1.2125390299 0.9488847242 1.1140089124
181.6019999999 0.9488381992 1.2121985059 0.9488847242 1.1140089124
181.8019999999 0.9488341947 1.2119071525 0.9488847242 1.1140089124
182.0019999999 0.9488303410 1.2116654443 0.9488847242 1.1140089124
182.2019999999 0.9488266432 1.2114736641 0.9488847242 1.1140089124
182.4019999999 0.9488231064 1.2113319068 0.9488847242 1.1140089124
182.6019999999 0.9488197353 1.2112400836 0.9488847242 1.1140089124
182.8019999999 0.9488165351 1.2111979281 0.9488847242 1.1140089124
183.0019999999 0.9488135108 1.2112050015 0.9488847242 1.1140089124
183.2019999999 0.9488106677 1.2112607005 0.9488847242 1.1140089124
183.4019999999 0.9488080116 1.2113642635 0.9488847242 1.1140089124
183.6019999999 0.9488055485 1.2115147793 0.9488847242 1.1140089124
183.8019999999 0.9488032849 1.2117111944 0.9488847242 1.1140089124
184.0019999999 0.9488012277 1.2119523223 0.9488847242 1.1140089124
184.2019999999 0.9487993839 1.2122368512 0.9488847242 1.1140089124
184.4019999999 0.9487977612 1.2125633535 0.9488847242 1.1140089124
184.6019999999 0.9487963673 1.2129302942 0.9488847242 1.1140089124
184.8019999999 0.9487952100 1.2133360399 0.9488847242 1.1140089124
185.0019999999 0.9487942974 1.2137788674 0.9488847242 1.1140089124
185.2019999999 0.9487936371 1.2142569726 0.9488847242 1.1140089124
185.4019999999 0.9487932367 1.2147684788 0.9488847242 1.1140089124
185.6019999999 0.9487931035 1.2153114448 0.9488847242 1.1140089124
185.8019999999 0.9487932440 1.2158838736 0.9488847242 1.1140089124
186.0019999999 0.9487936641 1.2164837194 0.9488847242 1.1140089124
186.2019999999 0.9487943689 1.2171088956 0.9488847242 1.1140089124
186.4019999999 0.9487953624 1.2177572819 0.9488847242 1.1140089124
186.6019999999 0.9487966477 1.2184267310 0.9488847242 1.1140089124
186.8019999999 0.9487982263 1.2191150754 0.9488847242 1.1140089124
187.0019999999 0.9488000986 1.2198201333 0.9488847242 1.1140089124
187.2019999999 0.9488022636 1.2205397145 0.9488847242 1.1140089124
187.4019999999 0.9488047185 1.2212716263 0.9488847242 1.1140089124
187.6019999999 0.9488074592 1.2220136780 0.9488847242 1.1140089124
187.8019999999 0.9488104798 1.2227636863 0.9488847242 1.1140089124
188.0019999999 0.9488137729 1.2235194796 0.9488847242 1.1140089124
188.2019999999 0.9488173295 1.2242789023 0.9488847242 1.1140089124
188.4019999999 0.9488211388 1.2250398186 0.9488847242 1.1140089124
188.6019999999 0.9488251886 1.2258001165 0.9488847242 1.1140089124
188.8019999999 0.9488294652 1.2265577108 0.9488847242 1.1140089124
189.0019999999 0.9488339535 1.2273105469 0.9488847242 1.1140089124
189.2019999999 0.9488386368 1.2280566033 0.9488847242 1.1140089124
189.4019999999 0.9488434975 1.2287938944 0.9488847242 1.1140089124
189.6019999999 0.9488485167 1.2295204739 0.9488847242 1.1140089124
189.8019999999 0.9488536745 1.2302344364 0.9488847242 1.1140089124
190.0019999999 0.9488589503 1.2309339204 0.9488847242 1.1140089124
190.2019999999 0.9488643224 1.2316171107 0.9488847242 1.1140089124
190.4019999999 0.9488697690 1.2322822404 0.9488847242 1.1140089124
190.6019999999 0.9488752676 1.2329275932 0.9488847242 1.1140089124
190.8019999999 0.9488807953 1.2335515058 0.9488847242 1.1140089124
191.0019999999 0.9488863294 1.2341523702 0.9488847242 1.1140089124
191.2019999999 0.9488918468 1.2347286357 0.9488847242 1.1140089124
191.4019999999 0.9488973250 1.2352788112 0.9488847242 1.1140089124
191.6019999999 0.9489027415 1.2358014681 0.9488847242 1.1140089124
191.8019999999 0.9489080742 1.2362952420 0.9488847242 1.1140089124
192.0019999999 0.9489133018 1.2367588358 0.9488847242 1.1140089124
192.2019999999 0.9489184034 1.2371910222 0.9488847242 1.1140089124
192.4019999999 0.9489233592 1.2375906460 0.9488847242 1.1140089124
192.6019999999 0.9489281499 1.2379566278 0.9488847242 1.1140089124
192.8019999999 0.9489327576 1.2382879661 0.9488847242 1.1140089124
193.0019999999 0.9489371652 1.2385837409 0.9488847242 1.1140089124
193.2019999999 0.9489413568 1.2388431165 0.9488847242 1.1140089124
193.4019999999 0.9489453178 1.2390653452 0.9488847242 1.1140089124
193.6019999999 0.9489490348 1.2392497700 0.9488847242 1.1140089124
193.8019999999 0.9489524956 1.2393958284 0.9488847242 1.1140089124
194.0019999999 0.9489556895 1.2395030559 0.9488847242 1.1140089124
194.2019999999 0.9489586072 1.2395710889 0.9488847242 1.1140089124
194.4019999999 0.9489612405 1.2395996685 0.9488847242 1.1140089124
194.6019999999 0.9489635829 1.2395886435 0.9488847242 1.1140089124
194.8019999999 0.9489656292 1.2395379738 0.9488847242 1.1140089124
195.0019999999 0.9489673754 1.2394477333 0.9488847242 1.1140089124
195.2019999999 0.9489688189 1.2393181125 0.9488847242 1.1140089124
195.4019999999 0.9489699586 1.2391494213 0.9488847242 1.1140089124
195.6019999999 0.9489707946 1.2389420912 0.9488847242 1.1140089124
195.8019999999 0.9489713280 1.2386966767 0.9488847242 1.1140089124
196.0019999999 0.9489715615 1.2384138573 0.9488847242 1.1140089124
196.2019999999 0.9489714986 1.2380944377 0.9488847242 1.1140089124
196.4019999999 0.9489711442 1.2377393489 0.9488847242 1.1140089124
196.6019999999 0.9489705039 1.2373496471 0.9488847242 1.1140089124
196.8019999999 0.9489695845 1.2369265135 0.9488847242 1.1140089124
197.0019999999 0.9489683936 1.2364712522 0.9488847242 1.1140089124
197.2019999999 0.9489669398 1.2359852883 0.9488847242 1.1140089124
197.4019999999 0.9489652322 1.2354701644 0.9488847242 1.1140089124
197.6019999999 0.9489632808 1.2349275370 0.9488847242 1.1140089124
197.8019999999 0.9489610962 1.2343591717 0.9488847242 1.1140089124
198.0019999999 0.9489586895 1.2337669381 0.9488847242 1.1140089124
198.2019999999 0.9489560724 1.2331528031 0.9488847242 1.1140089124
198.4019999999 0.9489532568 1.2325188244 0.9488847242 1.1140089124
198.6019999999 0.9489502551 1.2318671426 0.9488847242 1.1140089124
198.8019999999 0.9489470801 1.2311999729 0.9488847242 1.1140089124
199.0019999999 0.9489437446 1.2305195961 0.9488847242 1.1140089124
199.2019999999 0.9489402618 1.2298283490 0.9488847242 1.1140089124
199.4019999999 0.9489366447 1.2291286146 0.9488847242 1.1140089124
199.6019999999 0.9489329065 1.2284228112 0.9488847242 1.1140089124
199.8019999999 0.9489290605 1.2277133818 0.9488847242 1.1140089124
