t omega_inst
0.00200000 1.1140089124
0.20200000 1.1167271129
0.40200000 1.1213895624
0.60200000 1.1220118939
0.80200000 1.1182272583
1.00200000 1.1157858055
1.20200000 1.1186411109
1.40200000 1.1234472155
1.60200000 1.1242308775
1.80200000 1.1206293127
2.00200000 1.1183835381
2.20200000 1.1214383684
2.40200000 1.1264532169
2.60200000 1.1274713978
2.80200000 1.1241361689
3.00200000 1.1221748065
3.20200000 1.1255188150
3.40200000 1.1308355154
3.60200000 1.1321930038
3.80200000 1.1292435613
4.00200000 1.1276935705
4.20200000 1.1314540301
4.40200000 1.1372039107
4.60200000 1.1390486936
4.80200000 1.1366542088
5.00200000 1.1356946080
5.20200000 1.1400487277
5.40200000 1.1464127116
5.60200000 1.1489490009
5.80200000 1.1473438741
6.00200000 1.1472208284
6.20200000 1.1524071368
6.40200000 1.1596242644
6.60200000 1.1631224586
6.80200000 1.1626189519
7.00200000 1.1636557961
7.20200000 1.1699755587
7.40200000 1.1783370304
7.60200000 1.1831275326
7.80200000 1.1841110022
8.00200000 1.1866952300
8.20200000 1.1944804176
8.40200000 1.2042804875
8.60200000 1.2106992223
8.80200000 1.2135699994
9.00200000 1.2180743831
9.20200000 1.2275700920
9.40200000 1.2389537650
9.60200000 1.2471737263
9.80200000 1.2521635002
10.00200000 1.2587203260
10.20200000 1.2697930899
10.40200000 1.2824099036
10.60200000 1.2920685301
10.80200000 1.2988411733
11.00200000 1.3068867075
11.20200000 1.3185012494
11.40200000 1.3309484995
11.60200000 1.3405944451
11.80200000 1.3476975850
12.00200000 1.3554301455
12.20200000 1.3651653028
12.40200000 1.3746326745
12.60200000 1.3815150824
12.80200000 1.3863098578
13.00200000 1.3908425754
13.20200000 1.3954091853
13.40200000 1.3985949253
13.60200000 1.3998566515
13.80200000 1.3999259857
14.00200000 1.3990359108
14.20200000 1.3964600718
14.40200000 1.3919955854
14.60200000 1.3870158420
14.80200000 1.3823176556
15.00200000 1.3764764168
15.20200000 1.3679145315
15.40200000 1.3576699708
15.60200000 1.3487033887
15.80200000 1.3416229346
16.00200000 1.3335034482
16.20200000 1.3221121054
16.40200000 1.3094683136
16.60200000 1.2996038464
16.80200000 1.2928190843
17.00200000 1.2850373537
17.20200000 1.2735766309
17.40200000 1.2611330543
17.60200000 1.2523997522
17.80200000 1.2474103627
18.00200000 1.2413216503
18.20200000 1.2311787346
18.40200000 1.2201204834
18.60200000 1.2132448033
18.80200000 1.2104093137
19.00200000 1.2063019339
19.20200000 1.1978132552
19.40200000 1.1883660742
19.60200000 1.1833095152
19.80200000 1.1823984732
20.00200000 1.1800430808
20.20200000 1.1755406851
20.40200000 1.1716202562
20.60200000 1.1681647759
20.80200000 1.1648046752
21.00200000 1.1614097543
21.20200000 1.1582547105
21.40200000 1.1556228005
21.60200000 1.1533949910
21.80200000 1.1511982432
22.00200000 1.1489051678
22.20200000 1.1467982223
22.40200000 1.1451663145
22.60200000 1.1438914255
22.80200000 1.1426010934
23.00200000 1.1411718203
23.20200000 1.1398918523
23.40200000 1.1390542063
23.60200000 1.1385430392
23.80200000 1.1379887529
24.00200000 1.1372721084
24.20200000 1.1366851425
24.40200000 1.1365231800
24.60200000 1.1366730807
24.80200000 1.1367699822
25.00200000 1.1366993037
25.20200000 1.1367549417
25.40200000 1.1372325306
25.60200000 1.1380220335
25.80200000 1.1387654942
26.00200000 1.1393537255
26.20200000 1.1400803466
26.40200000 1.1412387606
26.60200000 1.1427224304
26.80200000 1.1441832193
27.00200000 1.1455184799
27.20200000 1.1470185850
27.40200000 1.1489708354
27.60200000 1.1512723951
27.80200000 1.1535889026
28.00200000 1.1558256282
28.20200000 1.1582647012
28.40200000 1.1611806541
28.60200000 1.1644737446
28.80200000 1.1678284639
29.00200000 1.1711589689
29.20200000 1.1747300294
29.40200000 1.1787915688
29.60200000 1.1832444125
29.80200000 1.1877978507
30.00200000 1.1923742313
30.20200000 1.1972049354
30.40200000 1.2024957452
30.60200000 1.2081429064
30.80200000 1.2138873535
31.00200000 1.2196565051
31.20200000 1.2256248465
31.40200000 1.2319286295
31.60200000 1.2384554752
31.80200000 1.2449889213
32.00200000 1.2514600473
32.20200000 1.2579651163
32.40200000 1.2645546350
32.60200000 1.2711177864
32.80200000 1.2775037042
33.00200000 1.2836585598
33.20200000 1.2896027202
33.40200000 1.2953165263
33.60200000 1.3007233100
33.80200000 1.3057682914
34.00200000 1.3104349948
34.20200000 1.3146956849
34.40200000 1.3184969837
34.60200000 1.3218215123
34.80200000 1.3247148284
35.00200000 1.3272014996
35.20200000 1.3292239060
35.40200000 1.3307096309
35.60200000 1.3316876128
35.80200000 1.3322733606
36.00200000 1.3325141862
36.20200000 1.3323211780
36.40200000 1.3315966675
36.60200000 1.3303936087
36.80200000 1.3288738663
37.00200000 1.3270977916
37.20200000 1.3249457044
37.40200000 1.3222940071
37.60200000 1.3192158156
37.80200000 1.3159177056
38.00200000 1.3124752899
38.20200000 1.3087420863
38.40200000 1.3045724675
38.60200000 1.3000625502
38.80200000 1.2954640145
39.00200000 1.2908659638
39.20200000 1.2860939212
39.40200000 1.2809797068
39.60200000 1.2756387451
39.80200000 1.2703592916
40.00200000 1.2652351960
40.20200000 1.2601113603
40.40200000 1.2549687442
40.60200000 1.2498461306
40.80200000 1.2447644435
41.00200000 1.2397260520
41.20200000 1.2347381573
41.40200000 1.2298279773
41.60200000 1.2250278415
41.80200000 1.2203504306
42.00200000 1.2157887482
42.20200000 1.2113414881
42.40200000 1.2070289252
42.60200000 1.2028768054
42.80200000 1.1988904406
43.00200000 1.1950551992
43.20200000 1.1913632344
43.40200000 1.1878297416
43.60200000 1.1844759179
43.80200000 1.1813022804
44.00200000 1.1782895282
44.20200000 1.1754261058
44.40200000 1.1727245758
44.60200000 1.1702039275
44.80200000 1.1678624692
45.00200000 1.1656789671
45.20200000 1.1636406181
45.40200000 1.1617593412
45.60200000 1.1600537038
45.80200000 1.1585217397
46.00200000 1.1571423192
46.20200000 1.1559031513
46.40200000 1.1548167948
46.60200000 1.1539024581
46.80200000 1.1531591245
47.00200000 1.1525671454
47.20200000 1.1521158670
47.40200000 1.1518191034
47.60200000 1.1516970723
47.80200000 1.1517502912
48.00200000 1.1519614160
48.20200000 1.1523219816
48.40200000 1.1528469614
48.60200000 1.1535571421
48.80200000 1.1544544173
49.00200000 1.1555239175
49.20200000 1.1567591514
49.40200000 1.1581750892
49.60200000 1.1597913868
49.80200000 1.1616099631
50.00200000 1.1636174853
50.20200000 1.1658078899
50.40200000 1.1681932161
50.60200000 1.1707883053
50.80200000 1.1735919068
51.00200000 1.1765895761
51.20200000 1.1797722435
51.40200000 1.1831439610
51.60200000 1.1867090825
51.80200000 1.1904584736
52.00200000 1.1943728188
52.20200000 1.1984358756
52.40200000 1.2026386814
52.60200000 1.2069706094
52.80200000 1.2114120606
53.00200000 1.2159379163
53.20200000 1.2205246285
53.40200000 1.2251511915
53.60200000 1.2297950613
53.80200000 1.2344312637
54.00200000 1.2390351585
54.20200000 1.2435834160
54.40200000 1.2480524391
54.60200000 1.2524185609
54.80200000 1.2566616315
55.00200000 1.2607662574
55.20200000 1.2647177791
55.40200000 1.2684988346
55.60200000 1.2720923304
55.80200000 1.2754876055
56.00200000 1.2786804168
56.20200000 1.2816656774
56.40200000 1.2844328296
56.60200000 1.2869706366
56.80200000 1.2892752850
57.00200000 1.2913499235
57.20200000 1.2931953375
57.40200000 1.2948044268
57.60200000 1.2961684740
57.80200000 1.2972871490
58.00200000 1.2981679668
58.20200000 1.2988151373
58.40200000 1.2992230892
58.60200000 1.2993841348
58.80200000 1.2993004353
59.00200000 1.2989833709
59.20200000 1.2984404021
59.40200000 1.2976675158
59.60200000 1.2966583389
59.80200000 1.2954181407
60.00200000 1.2939630030
60.20200000 1.2923051704
60.40200000 1.2904505969
60.60200000 1.2884061538
60.80200000 1.2861800562
61.00200000 1.2837807764
61.20200000 1.2812166765
61.40200000 1.2784968803
61.60200000 1.2756321472
61.80200000 1.2726344291
62.00200000 1.2695155905
62.20200000 1.2662869612
62.40200000 1.2629602776
62.60200000 1.2595486100
62.80200000 1.2560658266
63.00200000 1.2525251638
63.20200000 1.2489387486
63.40200000 1.2453186492
63.60200000 1.2416778898
63.80200000 1.2380298747
64.00200000 1.2343868767
64.20200000 1.2307595868
64.40200000 1.2271583002
64.60200000 1.2235940367
64.80200000 1.2200779601
65.00200000 1.2166198345
65.20200000 1.2132276248
65.40200000 1.2099088059
65.60200000 1.2066715675
65.80200000 1.2035242370
66.00200000 1.2004737229
66.20200000 1.1975251625
66.40200000 1.1946833096
66.60200000 1.1919537820
66.80200000 1.1893424772
67.00200000 1.1868540172
67.20200000 1.1844914275
67.40200000 1.1822575515
67.60200000 1.1801562888
67.80200000 1.1781919980
68.00200000 1.1763679618
68.20200000 1.1746860894
68.40200000 1.1731482999
68.60200000 1.1717576995
68.80200000 1.1705179702
69.00200000 1.1694318906
69.20200000 1.1685010575
69.40200000 1.1677271766
69.60200000 1.1671131125
69.80200000 1.1666622711
70.00200000 1.1663772240
70.20200000 1.1662594517
70.40200000 1.1663104612
70.60200000 1.1665326307
70.80200000 1.1669285984
71.00200000 1.1675000637
71.20200000 1.1682475597
71.40200000 1.1691713105
71.60200000 1.1702718000
71.80200000 1.1715492157
72.00200000 1.1730025355
72.20200000 1.1746293708
72.40200000 1.1764265201
72.60200000 1.1783902686
72.80200000 1.1805160055
73.00200000 1.1827977474
73.20200000 1.1852281340
73.40200000 1.1877987373
73.60200000 1.1905002008
73.80200000 1.1933221658
74.00200000 1.1962533010
74.20200000 1.1992814821
74.40200000 1.2023939242
74.60200000 1.2055772333
74.80200000 1.2088175954
75.00200000 1.2121011461
75.20200000 1.2154142019
75.40200000 1.2187431841
75.60200000 1.2220745226
75.80200000 1.2253949055
76.00200000 1.2286917391
76.20200000 1.2319532960
76.40200000 1.2351684115
76.60200000 1.2383262110
76.80200000 1.2414163212
77.00200000 1.2444293356
77.20200000 1.2473568880
77.40200000 1.2501911931
77.60200000 1.2529246532
77.80200000 1.2555500597
78.00200000 1.2580611025
78.20200000 1.2604524306
78.40200000 1.2627191070
78.60200000 1.2648561475
78.80200000 1.2668587556
79.00200000 1.2687229143
79.20200000 1.2704454714
79.40200000 1.2720235340
79.60200000 1.2734539613
79.80200000 1.2747336497
80.00200000 1.2758602286
80.20200000 1.2768321897
80.40200000 1.2776484140
80.60200000 1.2783080006
80.80200000 1.2788103162
81.00200000 1.2791550088
81.20200000 1.2793419782
81.40200000 1.2793713675
81.60200000 1.2792436182
81.80200000 1.2789595401
82.00200000 1.2785203293
82.20200000 1.2779275345
82.40200000 1.2771830467
82.60200000 1.2762891549
82.80200000 1.2752486176
83.00200000 1.2740646718
83.20200000 1.2727409829
83.40200000 1.2712816174
83.60200000 1.2696910870
83.80200000 1.2679744076
84.00200000 1.2661370863
84.20200000 1.2641850433
84.40200000 1.2621245576
84.60200000 1.2599622921
84.80200000 1.2577053335
85.00200000 1.2553611548
85.20200000 1.2529375091
85.40200000 1.2504423521
85.60200000 1.2478838536
85.80200000 1.2452704262
86.00200000 1.2426106750
86.20200000 1.2399132766
86.40200000 1.2371868961
86.60200000 1.2344401994
86.80200000 1.2316818881
87.00200000 1.2289206531
87.20200000 1.2261650587
87.40200000 1.2234234708
87.60200000 1.2207040852
87.80200000 1.2180149799
88.00200000 1.2153640846
88.20200000 1.2127590820
88.40200000 1.2102073553
88.60200000 1.2077160363
88.80200000 1.2052920740
89.00200000 1.2029422198
89.20200000 1.2006729475
89.40200000 1.1984904163
89.60200000 1.1964005290
89.80200000 1.1944090043
90.00200000 1.1925213681
90.20200000 1.1907428829
90.40200000 1.1890785161
90.60200000 1.1875329891
90.80200000 1.1861108336
91.00200000 1.1848163726
91.20200000 1.1836536494
91.40200000 1.1826263867
91.60200000 1.1817380069
91.80200000 1.1809916527
92.00200000 1.1803901471
92.20200000 1.1799359177
92.40200000 1.1796309422
92.60200000 1.1794767352
92.80200000 1.1794743309
93.00200000 1.1796242347
93.20200000 1.1799263609
93.40200000 1.1803799888
93.60200000 1.1809837406
93.80200000 1.1817355642
94.00200000 1.1826327139
94.20200000 1.1836717437
94.40200000 1.1848485135
94.60200000 1.1861582029
94.80200000 1.1875953315
95.00200000 1.1891538006
95.20200000 1.1908269548
95.40200000 1.1926076454
95.60200000 1.1944882820
95.80200000 1.1964608844
96.00200000 1.1985171585
96.20200000 1.2006485893
96.40200000 1.2028465199
96.60200000 1.2051022022
96.80200000 1.2074068396
97.00200000 1.2097516523
97.20200000 1.2121279568
97.40200000 1.2145272242
97.60200000 1.2169411004
97.80200000 1.2193614165
98.00200000 1.2217802251
98.20200000 1.2241898525
98.40200000 1.2265829291
98.60200000 1.2289523786
98.80200000 1.2312913986
99.00200000 1.2335934725
99.20200000 1.2358524042
99.40200000 1.2380623290
99.60200000 1.2402176837
99.80200000 1.2423131698
100.00200000 1.2443437531
100.20200000 1.2463046923
100.40200000 1.2481915489
100.60200000 1.2500001729
100.80200000 1.2517266872
101.00200000 1.2533674755
101.20200000 1.2549191691
101.40200000 1.2563786330
101.60200000 1.2577429539
101.80200000 1.2590094334
102.00200000 1.2601755837
102.20200000 1.2612391234
102.40200000 1.2621979720
102.60200000 1.2630502465
102.80200000 1.2637942629
103.00200000 1.2644285409
103.20200000 1.2649518078
103.40200000 1.2653630010
103.60200000 1.2656612715
103.80200000 1.2658459925
104.00200000 1.2659167712
104.20200000 1.2658734581
104.40200000 1.2657161538
104.60200000 1.2654452163
104.80200000 1.2650612732
105.00200000 1.2645652342
105.20200000 1.2639583020
105.40200000 1.2632419777
105.60200000 1.2624180660
105.80200000 1.2614886835
106.00200000 1.2604562679
106.20200000 1.2593235821
106.40200000 1.2580937124
106.60200000 1.2567700654
106.80200000 1.2553563674
107.00200000 1.2538566633
107.20200000 1.2522753102
107.40200000 1.2506169646
107.60200000 1.2488865675
107.80200000 1.2470893325
108.00200000 1.2452307340
108.20200000 1.2433164901
108.40200000 1.2413525395
108.60200000 1.2393450177
108.80200000 1.2373002366
109.00200000 1.2352246663
109.20200000 1.2331249118
109.40200000 1.2310076852
109.60200000 1.2288797794
109.80200000 1.2267480455
110.00200000 1.2246193730
110.20200000 1.2225006672
110.40200000 1.2203988226
110.60200000 1.2183206981
110.80200000 1.2162730968
111.00200000 1.2142627477
111.20200000 1.2122962852
111.40200000 1.2103802251
111.60200000 1.2085209418
111.80200000 1.2067246479
112.00200000 1.2049973757
112.20200000 1.2033449549
112.40200000 1.2017729877
112.60200000 1.2002868236
112.80200000 1.1988915356
113.00200000 1.1975918956
113.20200000 1.1963923486
113.40200000 1.1952969848
113.60200000 1.1943095125
113.80200000 1.1934332318
114.00200000 1.1926710098
114.20200000 1.1920252567
114.40200000 1.1914979050
114.60200000 1.1910903914
114.80200000 1.1908036419
115.00200000 1.1906380610
115.20200000 1.1905935265
115.40200000 1.1906693891
115.60200000 1.1908644786
115.80200000 1.1911771122
116.00200000 1.1916051091
116.20200000 1.1921458096
116.40200000 1.1927961007
116.60200000 1.1935524447
116.80200000 1.1944109088
117.00200000 1.1953671984
117.20200000 1.1964166918
117.40200000 1.1975544790
117.60200000 1.1987754002
117.80200000 1.2000740819
118.00200000 1.2014449735
118.20200000 1.2028823827
118.40200000 1.2043805126
118.60200000 1.2059334955
118.80200000 1.2075354240
119.00200000 1.2091803774
119.20200000 1.2108624496
119.40200000 1.2125757743
119.60200000 1.2143145490
119.80200000 1.2160730528
120.00200000 1.2178456619
120.20200000 1.2196268643
120.40200000 1.2214112744
120.60200000 1.2231936452
120.80200000 1.2249688787
121.00200000 1.2267320334
121.20200000 1.2284783300
121.40200000 1.2302031558
121.60200000 1.2319020661
121.80200000 1.2335707857
122.00200000 1.2352052086
122.20200000 1.2368013969
122.40200000 1.2383555795
122.60200000 1.2398641495
122.80200000 1.2413236620
123.00200000 1.2427308306
123.20200000 1.2440825258
123.40200000 1.2453757715
123.60200000 1.2466077429
123.80200000 1.2477757641
124.00200000 1.2488773063
124.20200000 1.2499099865
124.40200000 1.2508715673
124.60200000 1.2517599560
124.80200000 1.2525732054
125.00200000 1.2533095146
125.20200000 1.2539672312
125.40200000 1.2545448540
125.60200000 1.2550410356
125.80200000 1.2554545867
126.00200000 1.2557844801
126.20200000 1.2560298565
126.40200000 1.2561900298
126.60200000 1.2562644931
126.80200000 1.2562529252
127.00200000 1.2561551974
127.20200000 1.2559713805
127.40200000 1.2557017519
127.60200000 1.2553468027
127.80200000 1.2549072442
128.00200000 1.2543840145
128.20200000 1.2537782846
128.40200000 1.2530914644
128.60200000 1.2523252071
128.80200000 1.2514814128
129.00200000 1.2505622321
129.20200000 1.2495700677
129.40200000 1.2485075755
129.60200000 1.2473776639
129.80200000 1.2461834916
130.00200000 1.2449284645
130.20200000 1.2436162308
130.40200000 1.2422506753
130.60200000 1.2408359108
130.80200000 1.2393762689
131.00200000 1.2378762894
131.20200000 1.2363407072
131.40200000 1.2347744394
131.60200000 1.2331825690
131.80200000 1.2315703285
132.00200000 1.2299430814
132.20200000 1.2283063027
132.40200000 1.2266655586
132.60200000 1.2250264834
132.80200000 1.2233947572
133.00200000 1.2217760804
133.20200000 1.2201761492
133.40200000 1.2186006287
133.60200000 1.2170551258
133.80200000 1.2155451617
134.00200000 1.2140761430
134.20200000 1.2126533337
134.40200000 1.2112818264
134.60200000 1.2099665147
134.80200000 1.2087120649
135.00200000 1.2075228903
135.20200000 1.2064031252
135.40200000 1.2053566021
135.60200000 1.2043868295
135.80200000 1.2034969733
136.00200000 1.2026898396
136.20200000 1.2019678613
136.40200000 1.2013330870
136.60200000 1.2007871732
136.80200000 1.2003313802
137.00200000 1.1999665705
137.20200000 1.1996932103
137.40200000 1.1995113749
137.60200000 1.1994207559
137.80200000 1.1994206719
138.00200000 1.1995100813
138.20200000 1.1996875972
138.40200000 1.1999515044
138.60200000 1.2002997782
138.80200000 1.2007301039
139.00200000 1.2012398985
139.20200000 1.2018263320
139.40200000 1.2024863493
139.60200000 1.2032166935
139.80200000 1.2040139280
140.00200000 1.2048744589
140.20200000 1.2057945566
140.40200000 1.2067703771
140.60200000 1.2077979827
140.80200000 1.2088733619
141.00200000 1.2099924478
141.20200000 1.2111511370
141.40200000 1.2123453053
141.60200000 1.2135708241
141.80200000 1.2148235744
142.00200000 1.2160994602
142.20200000 1.2173944200
142.40200000 1.2187044381
142.60200000 1.2200255537
142.80200000 1.2213538694
143.00200000 1.2226855587
143.20200000 1.2240168721
143.40200000 1.2253441429
143.60200000 1.2266637913
143.80200000 1.2279723284
144.00200000 1.2292663592
144.20200000 1.2305425852
144.40200000 1.2317978061
144.60200000 1.2330289216
144.80200000 1.2342329320
145.00200000 1.2354069394
145.20200000 1.2365481481
145.40200000 1.2376538652
145.60200000 1.2387215007
145.80200000 1.2397485679
146.00200000 1.2407326839
146.20200000 1.2416715699
146.40200000 1.2425630521
146.60200000 1.2434050623
146.80200000 1.2441956388
147.00200000 1.2449329284
147.20200000 1.2456151872
147.40200000 1.2462407835
147.60200000 1.2468081993
147.80200000 1.2473160336
148.00200000 1.2477630055
148.20200000 1.2481479572
148.40200000 1.2484698581
148.60200000 1.2487278092
148.80200000 1.2489210472
149.00200000 1.2490489496
149.20200000 1.2491110395
149.40200000 1.2491069911
149.60200000 1.2490366349
149.80200000 1.2488999635
150.00200000 1.2486971369
150.20200000 1.2484284880
150.40200000 1.2480945283
150.60200000 1.2476959527
150.80200000 1.2472336446
151.00200000 1.2467086803
151.20200000 1.2461223330
151.40200000 1.2454760760
151.60200000 1.2447715859
151.80200000 1.2440107437
152.00200000 1.2431956362
152.20200000 1.2423285560
152.40200000 1.2414119999
152.60200000 1.2404486667
152.80200000 1.2394414535
153.00200000 1.2383934505
153.20200000 1.2373079342
153.40200000 1.2361883597
153.60200000 1.2350383506
153.80200000 1.2338616879
154.00200000 1.2326622971
154.20200000 1.2314442337
154.40200000 1.2302116674
154.60200000 1.2289688643
154.80200000 1.2277201683
155.00200000 1.2264699811
155.20200000 1.2252227407
155.40200000 1.2239828998
155.60200000 1.2227549026
155.80200000 1.2215431618
156.00200000 1.2203520350
156.20200000 1.2191858012
156.40200000 1.2180486378
156.60200000 1.2169445975
156.80200000 1.2158775870
157.00200000 1.2148513453
157.20200000 1.2138694251
157.40200000 1.2129351737
157.60200000 1.2120517171
157.80200000 1.2112219448
158.00200000 1.2104484974
158.20200000 1.2097337552
158.40200000 1.2090798302
158.60200000 1.2084885587
158.80200000 1.2079614970
159.00200000 1.2074999189
159.20200000 1.2071048151
159.40200000 1.2067768946
159.60200000 1.2065165877
159.80200000 1.2063240515
160.00200000 1.2061991756
160.20200000 1.2061415908
160.40200000 1.2061506775
160.60200000 1.2062255769
160.80200000 1.2063652014
161.00200000 1.2065682476
161.20200000 1.2068332083
161.40200000 1.2071583865
161.60200000 1.2075419087
161.80200000 1.2079817390
162.00200000 1.2084756930
162.20200000 1.2090214520
162.40200000 1.2096165771
162.60200000 1.2102585223
162.80200000 1.2109446485
163.00200000 1.2116722360
163.20200000 1.2124384972
163.40200000 1.2132405888
163.60200000 1.2140756229
163.80200000 1.2149406779
164.00200000 1.2158328091
164.20200000 1.2167490576
164.40200000 1.2176864600
164.60200000 1.2186420561
164.80200000 1.2196128970
165.00200000 1.2205960518
165.20200000 1.2215886144
165.40200000 1.2225877090
165.60200000 1.2235904956
165.80200000 1.2245941750
166.00200000 1.2255959927
166.20200000 1.2265932430
166.40200000 1.2275832725
166.60200000 1.2285634833
166.80200000 1.2295313352
167.00200000 1.2304843490
167.20200000 1.2314201081
167.40200000 1.2323362609
167.60200000 1.2332305223
167.80200000 1.2341006762
168.00200000 1.2349445763
168.20200000 1.2357601484
168.40200000 1.2365453917
168.60200000 1.2372983806
168.80200000 1.2380172665
169.00200000 1.2387002795
169.20200000 1.2393457305
169.40200000 1.2399520130
169.60200000 1.2405176058
169.80200000 1.2410410749
170.00200000 1.2415210769
170.20200000 1.2419563610
170.40200000 1.2423457726
170.60200000 1.2426882564
170.80200000 1.2429828600
171.00200000 1.2432287376
171.20200000 1.2434251535
171.40200000 1.2435714866
171.60200000 1.2436672346
171.80200000 1.2437120181
172.00200000 1.2437055847
172.20200000 1.2436478142
172.40200000 1.2435387222
172.60200000 1.2433784649
172.80200000 1.2431673431
173.00200000 1.2429058060
173.20200000 1.2425944551
173.40200000 1.2422340475
173.60200000 1.2418254983
173.80200000 1.2413698836
174.00200000 1.2408684415
174.20200000 1.2403225734
174.40200000 1.2397338440
174.60200000 1.2391039806
174.80200000 1.2384348713
175.00200000 1.2377285623
175.20200000 1.2369872540
175.40200000 1.2362132960
175.60200000 1.2354091806
175.80200000 1.2345775361
176.00200000 1.2337211172
176.20200000 1.2328427961
176.40200000 1.2319455513
176.60200000 1.2310324551
176.80200000 1.2301066613
177.00200000 1.2291713908
177.20200000 1.2282299170
177.40200000 1.2272855503
177.60200000 1.2263416220
177.80200000 1.2254014684
178.00200000 1.2244684137
178.20200000 1.2235457536
178.40200000 1.2226367384
178.60200000 1.2217445573
178.80200000 1.2208723219
179.00200000 1.2200230510
179.20200000 1.2191996560
179.40200000 1.2184049272
179.60200000 1.2176415205
179.80200000 1.2169119463
180.00200000 1.2162185578
180.20200000 1.2155635424
180.40200000 1.2149489130
180.60200000 1.2143765012
180.80200000 1.2138479513
181.00200000 1.2133647164
181.20200000 1.2129280552
181.40200000 1.2125390299
181.60200000 1.2121985059
181.80200000 1.2119071525
182.00200000 1.2116654443
182.20200000 1.2114736641
182.40200000 1.2113319068
182.60200000 1.2112400836
182.80200000 1.2111979281
183.00200000 1.2112050015
183.20200000 1.2112607005
183.40200000 1.2113642635
183.60200000 1.2115147793
183.80200000 1.2117111944
184.00200000 1.2119523223
184.20200000 1.2122368512
184.40200000 1.2125633535
184.60200000 1.2129302942
184.80200000 1.2133360399
185.00200000 1.2137788674
185.20200000 1.2142569726
185.40200000 1.2147684788
185.60200000 1.2153114448
185.80200000 1.2158838736
186.00200000 1.2164837194
186.20200000 1.2171088956
186.40200000 1.2177572819
186.60200000 1.2184267310
186.80200000 1.2191150754
187.00200000 1.2198201333
187.20200000 1.2205397145
187.40200000 1.2212716263
187.60200000 1.2220136780
187.80200000 1.2227636863
188.00200000 1.2235194796
188.20200000 1.2242789023
188.40200000 1.2250398186
188.60200000 1.2258001165
188.80200000 1.2265577108
189.00200000 1.2273105469
189.20200000 1.2280566033
189.40200000 1.2287938944
189.60200000 1.2295204739
189.80200000 1.2302344364
190.00200000 1.2309339204
190.20200000 1.2316171107
190.40200000 1.2322822404
190.60200000 1.2329275932
190.80200000 1.2335515058
191.00200000 1.2341523702
191.20200000 1.2347286357
191.40200000 1.2352788112
191.60200000 1.2358014681
191.80200000 1.2362952420
192.00200000 1.2367588358
192.20200000 1.2371910222
192.40200000 1.2375906460
192.60200000 1.2379566278
192.80200000 1.2382879661
193.00200000 1.2385837409
193.20200000 1.2388431165
193.40200000 1.2390653452
193.60200000 1.2392497700
193.80200000 1.2393958284
194.00200000 1.2395030559
194.20200000 1.2395710889
194.40200000 1.2395996685
194.60200000 1.2395886435
194.80200000 1.2395379738
195.00200000 1.2394477333
195.20200000 1.2393181125
195.40200000 1.2391494213
195.60200000 1.2389420912
195.80200000 1.2386966767
196.00200000 1.2384138573
196.20200000 1.2380944377
196.40200000 1.2377393489
196.60200000 1.2373496471
196.80200000 1.2369265135
197.00200000 1.2364712522
197.20200000 1.2359852883
197.40200000 1.2354701644
197.60200000 1.2349275370
197.80200000 1.2343591717
198.00200000 1.2337669381
198.20200000 1.2331528031
198.40200000 1.2325188244
198.60200000 1.2318671426
198.80200000 1.2311999729
199.00200000 1.2305195961
199.20200000 1.2298283490
199.40200000 1.2291286146
199.60200000 1.2284228112
199.80200000 1.2277133818
