8.00750565613672 1.93705950088596e-14 6.4877605283048e-14
7.73494868825967 0.897571694690473 0.81423449981449
6.97638334531549 1.69205862022621 1.40135414030886
5.9033905821934 2.31557476967671 1.57587077037813
4.77116535659395 2.77889989761621 1.24607785530518
3.83664520943506 3.21301554021546 0.475917312662386
3.21301554021539 3.83664520943515 -0.475917312662494
2.77889989761615 4.77116535659406 -1.24607785530526
2.31557476967666 5.90339058219352 -1.57587077037818
1.69205862022616 6.97638334531561 -1.40135414030888
0.897571694690434 7.73494868825977 -0.814234499814473
-4.62748230910311e-15 8.00750565613681 -2.22522504803199e-14
-0.897571694690445 7.73494868825978 0.814234499814431
-1.69205862022618 6.97638334531563 1.40135414030884
-2.31557476967668 5.90339058219355 1.57587077037815
-2.77889989761619 4.77116535659409 1.24607785530524
-3.21301554021543 3.83664520943518 0.47591731266248
-3.83664520943512 3.21301554021548 -0.47591731266239
-4.77116535659401 2.77889989761623 -1.24607785530517
-5.90339058219346 2.31557476967672 -1.5758707703781
-6.97638334531555 1.69205862022622 -1.40135414030882
-7.73494868825972 0.897571694690476 -0.814234499814437
-8.00750565613675 2.36034291244732e-14 -3.07698734363833e-15
-7.73494868825974 -0.897571694690431 0.814234499814435
-6.97638334531559 -1.69205862022618 1.40135414030884
-5.90339058219351 -2.31557476967668 1.57587077037813
-4.77116535659405 -2.77889989761619 1.24607785530522
-3.83664520943514 -3.21301554021544 0.475917312662452
-3.21301554021545 -3.83664520943511 -0.475917312662424
-2.7788998976162 -4.771165356594 -1.24607785530521
-2.3155747696767 -5.90339058219346 -1.57587077037815
-1.69205862022621 -6.97638334531555 -1.40135414030888
-0.89757169469048 -7.73494868825973 -0.814234499814495
-3.43663727538067e-14 -8.00750565613678 -5.93566391479622e-14
0.897571694690418 -7.73494868825978 0.814234499814386
1.69205862022617 -6.97638334531564 1.4013541403088
2.31557476967668 -5.90339058219357 1.57587077037811
2.7788998976162 -4.77116535659412 1.24607785530521
3.21301554021546 -3.83664520943521 0.475917312662452
3.83664520943516 -3.2130155402155 -0.475917312662408
4.77116535659406 -2.77889989761624 -1.24607785530517
5.90339058219351 -2.31557476967672 -1.57587077037807
6.97638334531558 -1.6920586202262 -1.40135414030877
7.73494868825972 -0.897571694690441 -0.814234499814371

5.66216154984397 5.66216154984386 -1.07409386471488e-13
4.83475563768179 6.10411370151514 0.814234499814334
3.73658184710252 6.12951409615665 1.40135414030875
2.53696889067902 5.81168613464474 1.57587077037808
1.40874441596701 5.33870233965307 1.2460778553052
0.440972768054397 4.98486292114263 0.475917312662459
-0.44097276805435 4.98486292114262 -0.475917312662401
-1.40874441596695 5.33870233965302 -1.24607785530517
-2.53696889067895 5.81168613464471 -1.5758707703781
-3.73658184710244 6.12951409615665 -1.40135414030882
-4.83475563768173 6.10411370151519 -0.814234499814424
-5.66216154984394 5.66216154984396 1.39401817217921e-14
-6.10411370151517 4.83475563768176 0.814234499814454
-6.12951409615664 3.73658184710247 1.40135414030886
-5.81168613464469 2.53696889067898 1.57587077037815
-5.338702339653 1.40874441596699 1.24607785530524
-4.98486292114257 0.440972768054393 0.475917312662472
-4.98486292114256 -0.440972768054336 -0.475917312662403
-5.33870233965298 -1.40874441596692 -1.24607785530519
-5.81168613464467 -2.53696889067891 -1.57587077037812
-6.12951409615662 -3.7365818471024 -1.40135414030885
-6.10411370151517 -4.8347556376817 -0.814234499814464
-5.66216154984395 -5.66216154984392 -3.25647715259024e-14
-4.83475563768174 -6.10411370151516 0.814234499814405
-3.73658184710246 -6.12951409615664 1.40135414030881
-2.53696889067897 -5.81168613464471 1.5758707703781
-1.40874441596697 -5.33870233965302 1.24607785530519
-0.440972768054369 -4.9848629211426 0.475917312662431
0.440972768054364 -4.98486292114259 -0.475917312662439
1.40874441596696 -5.33870233965301 -1.24607785530522
2.53696889067895 -5.81168613464471 -1.57587077037814
3.73658184710244 -6.12951409615666 -1.40135414030886
4.83475563768172 -6.10411370151522 -0.814234499814461
5.66216154984394 -5.66216154984401 -1.3959888861822e-14
6.10411370151517 -4.83475563768182 0.814234499814441
6.12951409615664 -3.73658184710254 1.40135414030886
5.8116861346447 -2.53696889067906 1.57587077037818
5.338702339653 -1.40874441596706 1.24607785530529
4.98486292114255 -0.440972768054465 0.475917312662539
4.98486292114251 0.440972768054257 -0.475917312662341
5.33870233965292 1.40874441596683 -1.24607785530515
5.81168613464462 2.53696889067881 -1.57587077037812
6.12951409615658 3.7365818471023 -1.40135414030888
6.10411370151516 4.83475563768161 -0.814234499814526
